2 0.65625 0.26328125 0.01015625 0.03671875
3 0.31640625 0.25 0.01171875 0.040625
2 0.7515625 0.40546875 0.0125 0.04140625
1 0.01796875 0.38203125 0.0109375 0.046875
2 0.5609375 0.32890625 0.00859375 0.0453125
2 0.68046875 0.30390625 0.009375 0.03984375
2 0.34453125 0.33671875 0.01640625 0.04296875
2 0.59375 0.3484375 0.00859375 0.0515625
2 0.7171875 0.3734375 0.01171875 0.05078125
2 0.421875 0.28125 0.0140625 0.0359375
2 0.7078125 0.37890625 0.0140625 0.05
2 0.7515625 0.440625 0.01328125 0.05
3 0.4609375 0.3734375 0.01328125 0.0484375
2 0.47578125 0.371875 0.01015625 0.04375
2 0.6015625 0.38359375 0.0109375 0.0453125
2 0.740625 0.475 0.01484375 0.06328125
2 0.509375 0.6671875 0.0140625 0.08046875
3 0.9296875 0.78203125 0.02421875 0.09296875
2 0.59609375 0.46796875 0.01171875 0.05546875
2 0.83359375 0.74453125 0.01875 0.0796875
2 0.80546875 0.609375 0.021875 0.06484375
2 0.246875 0.4328125 0.01796875 0.05625
2 0.56328125 0.528125 0.01875 0.0640625
2 0.35859375 0.4203125 0.02109375 0.05390625
0 0.3546875 0.3515625 0.0046875 0.009375