2 0.6 0.2046875 0.01015625 0.04453125
3 0.29921875 0.19140625 0.01171875 0.03828125
2 0.47421875 0.22578125 0.0125 0.03828125
3 0.43359375 0.41328125 0.0109375 0.0625
2 0.40546875 0.265625 0.01015625 0.046875
2 0.55703125 0.25859375 0.01484375 0.04609375
2 0.28203125 0.3 0.01171875 0.05546875
2 0.6375 0.27421875 0.0109375 0.04921875
2 0.3375 0.26171875 0.0140625 0.0515625
2 0.6734375 0.26484375 0.01484375 0.05546875
2 0.23984375 0.28515625 0.01484375 0.0515625
2 0.5453125 0.265625 0.01015625 0.04921875
2 0.29453125 0.32890625 0.0125 0.0546875
2 0.6671875 0.31875 0.01328125 0.05078125
2 0.41796875 0.3140625 0.0109375 0.05546875
2 0.2453125 0.35703125 0.01484375 0.05625
2 0.18125 0.525 0.0171875 0.0703125
2 0.828125 0.28671875 0.01484375 0.05390625
2 0.2515625 0.43515625 0.01328125 0.06640625
2 0.72890625 0.5046875 0.01640625 0.06875
2 0.184375 0.7140625 0.0234375 0.09140625
2 0.4359375 0.3921875 0.009375 0.04453125