3 0.3046875 0.19453125 0.01015625 0.034375
2 0.56953125 0.2328125 0.01015625 0.04140625
2 0.3578125 0.2515625 0.0109375 0.04453125
2 0.37421875 0.31171875 0.01015625 0.053125
0 0.665625 0.63671875 0.0078125 0.0140625
2 0.63828125 0.28046875 0.01640625 0.0515625
2 0.690625 0.62109375 0.0234375 0.08203125
2 0.3734375 0.396875 0.01328125 0.04921875
2 0.578125 0.3171875 0.01171875 0.0546875
2 0.4546875 0.29609375 0.01171875 0.053125
2 0.30234375 0.54375 0.01875 0.07578125
2 0.27421875 0.309375 0.01171875 0.05859375
2 0.40390625 0.365625 0.01328125 0.059375
2 0.25390625 0.3140625 0.01328125 0.05078125
3 0.3734375 0.44609375 0.0140625 0.06953125
2 0.65546875 0.31640625 0.0125 0.05859375
2 0.228125 0.3671875 0.01328125 0.0640625
2 0.62265625 0.384375 0.01328125 0.065625
2 0.2578125 0.66875 0.0265625 0.08671875
2 0.5890625 0.57109375 0.0234375 0.071875
2 0.8296875 0.33203125 0.0140625 0.05546875
2 0.43515625 0.8015625 0.03671875 0.09921875
2 0.24765625 0.4796875 0.0140625 0.0703125