3 0.1671875 0.25078125 0.01328125 0.04140625
0 0.77109375 0.55703125 0.00703125 0.01015625
2 0.73515625 0.32421875 0.01171875 0.04921875
2 0.7953125 0.36171875 0.0140625 0.0515625
2 0.53359375 0.36875 0.01875 0.05078125
2 0.509375 0.25390625 0.0125 0.0359375
2 0.82734375 0.40390625 0.021875 0.0640625
2 0.55625 0.30390625 0.0109375 0.0453125
2 0.2078125 0.38125 0.01171875 0.05390625
2 0.56875 0.728125 0.02890625 0.07421875
2 0.32578125 0.36796875 0.01328125 0.0515625
3 0.790625 0.40625 0.02109375 0.05546875
1 0.89453125 0.38203125 0.01640625 0.05625
2 0.40625 0.30234375 0.0140625 0.0453125
2 0.7375 0.44140625 0.01640625 0.0515625
2 0.79765625 0.53203125 0.01953125 0.06484375
2 0.67265625 0.403125 0.01328125 0.05078125
2 0.17890625 0.528125 0.01640625 0.065625
2 0.20859375 0.55390625 0.02421875 0.07109375
2 0.42109375 0.64375 0.02109375 0.0703125
2 0.25078125 0.60390625 0.02265625 0.07578125
2 0.5390625 0.49453125 0.025 0.06328125
2 0.4453125 0.4828125 0.01171875 0.06796875
2 0.734375 0.34453125 0.015625 0.0484375