0 0.54765625 0.46640625 0.00546875 0.01171875
3 0.36328125 0.21328125 0.01484375 0.03828125
2 0.41796875 0.2484375 0.01484375 0.03359375
2 0.68046875 0.32578125 0.01875 0.05078125
2 0.74609375 0.34140625 0.01328125 0.05546875
2 0.55703125 0.44453125 0.01875 0.05703125
2 0.7734375 0.43671875 0.0171875 0.06484375
2 0.6796875 0.453125 0.02265625 0.0609375
2 0.48046875 0.34140625 0.01171875 0.053125
3 0.325 0.41171875 0.0140625 0.05703125
2 0.37578125 0.29609375 0.0109375 0.0484375
2 0.38046875 0.39453125 0.01484375 0.05546875
3 0.96484375 0.796875 0.02734375 0.09375
2 0.56875 0.51796875 0.01328125 0.0640625
2 0.2359375 0.3984375 0.01484375 0.06015625
2 0.1125 0.55390625 0.01640625 0.06875
2 0.44296875 0.73203125 0.01953125 0.08203125
2 0.65390625 0.61953125 0.01796875 0.07890625
2 0.35625 0.48359375 0.0140625 0.06640625
2 0.22265625 0.45546875 0.01875 0.065625
2 0.87578125 0.53046875 0.02578125 0.075
2 0.25546875 0.484375 0.01875 0.06640625
2 0.30859375 0.6421875 0.0171875 0.0734375
2 0.159375 0.56640625 0.01484375 0.07578125