3 0.2203125 0.2265625 0.01484375 0.0390625
2 0.55859375 0.26484375 0.01328125 0.04453125
2 0.5671875 0.26953125 0.01796875 0.04375
2 0.41953125 0.24921875 0.0171875 0.040625
3 0.5828125 0.31953125 0.01171875 0.0515625
2 0.390625 0.24609375 0.01328125 0.05
2 0.21171875 0.2640625 0.00859375 0.05
2 0.63046875 0.325 0.0140625 0.0546875
2 0.484375 0.27890625 0.01171875 0.0484375
2 0.878125 0.44296875 0.01484375 0.06015625
2 0.76484375 0.328125 0.01171875 0.05546875
2 0.81328125 0.3984375 0.0109375 0.06640625
2 0.41953125 0.33671875 0.01484375 0.05859375
2 0.45234375 0.34296875 0.01328125 0.05546875
2 0.74375 0.37109375 0.0140625 0.059375
2 0.8921875 0.528125 0.0234375 0.071875
2 0.58671875 0.40390625 0.01640625 0.059375
2 0.27578125 0.3578125 0.01484375 0.05859375
2 0.6625 0.66171875 0.02109375 0.0796875
2 0.1328125 0.37265625 0.01171875 0.06015625
2 0.21484375 0.53828125 0.0203125 0.078125
0 0.3875 0.26875 0.0046875 0.00859375
2 0.6359375 0.32421875 0.015625 0.046875