2 0.65 0.3 0.0125 0.0421875
3 0.36640625 0.2609375 0.0109375 0.0359375
2 0.67890625 0.28125 0.0125 0.03515625
2 0.56953125 0.29453125 0.01328125 0.034375
3 0.5984375 0.34921875 0.0140625 0.0453125
2 0.646875 0.3359375 0.01015625 0.040625
2 0.603125 0.2953125 0.01171875 0.0421875
2 0.78828125 0.378125 0.01015625 0.046875
2 0.45234375 0.34375 0.01015625 0.04140625
2 0.74140625 0.3453125 0.01328125 0.04609375
1 0.0984375 0.3625 0.0109375 0.04765625
2 0.46015625 0.3265625 0.009375 0.0390625
2 0.56796875 0.43046875 0.01796875 0.053125
2 0.34453125 0.2984375 0.0125 0.04296875
2 0.72421875 0.353125 0.01171875 0.05
2 0.83984375 0.39453125 0.01328125 0.0453125
2 0.73046875 0.4265625 0.009375 0.046875
2 0.3296875 0.32109375 0.00859375 0.04140625
2 0.7984375 0.6484375 0.0171875 0.0703125
2 0.28046875 0.403125 0.009375 0.05
2 0.80546875 0.459375 0.01171875 0.059375
2 0.809375 0.56953125 0.01640625 0.0609375
2 0.43671875 0.546875 0.01484375 0.06484375
0 0.23828125 0.34375 0.00625 0.01015625