3 0.3578125 0.24921875 0.00703125 0.028125
2 0.5046875 0.2921875 0.009375 0.04140625
2 0.66875 0.33125 0.0109375 0.03828125
3 0.55625 0.35703125 0.01015625 0.046875
2 0.6890625 0.33359375 0.0109375 0.0453125
2 0.609375 0.40390625 0.00859375 0.04921875
2 0.371875 0.684375 0.021875 0.06484375
2 0.72578125 0.38125 0.01015625 0.05078125
2 0.590625 0.396875 0.01484375 0.05
2 0.4546875 0.428125 0.0140625 0.05390625
2 0.76015625 0.428125 0.0125 0.05625
2 0.71328125 0.38671875 0.01171875 0.05078125
3 0.9515625 0.73515625 0.021875 0.078125
2 0.64140625 0.7015625 0.02109375 0.07890625
2 0.30859375 0.37734375 0.01015625 0.05078125
2 0.43828125 0.528125 0.01171875 0.06484375
2 0.4046875 0.44765625 0.01328125 0.053125
2 0.628125 0.55546875 0.0171875 0.065625
2 0.0609375 0.48203125 0.0140625 0.05625
2 0.6453125 0.428125 0.01171875 0.05390625
2 0.85546875 0.63515625 0.01484375 0.06640625
2 0.828125 0.51640625 0.01484375 0.0609375
2 0.48828125 0.60546875 0.01640625 0.06953125
2 0.7765625 0.66796875 0.02265625 0.07109375
0 0.3640625 0.70625 0.00625 0.01171875