3 0.33046875 0.3125 0.00625 0.025
2 0.4421875 0.35625 0.0109375 0.03359375
3 0.49375 0.39375 0.00859375 0.03359375
2 0.6296875 0.4328125 0.00859375 0.0359375
1 0.9109375 0.421875 0.01171875 0.0390625
2 0.6328125 0.5234375 0.00859375 0.04140625
2 0.6515625 0.43671875 0.01015625 0.0390625
2 0.634375 0.38671875 0.01015625 0.02890625
2 0.51328125 0.4125 0.00859375 0.034375
2 0.665625 0.4046875 0.00859375 0.03359375
2 0.61171875 0.41640625 0.00859375 0.034375
2 0.5375 0.3875 0.00703125 0.03203125
2 0.49765625 0.459375 0.0125 0.0390625
2 0.68671875 0.62578125 0.01328125 0.053125
2 0.8453125 0.65390625 0.0125 0.05
2 0.62109375 0.47109375 0.00859375 0.03828125
2 0.43671875 0.6359375 0.01171875 0.053125
2 0.41484375 0.54296875 0.01328125 0.03984375
2 0.71171875 0.48828125 0.0125 0.04453125
1 0.15390625 0.484375 0.00859375 0.040625
2 0.2546875 0.434375 0.00859375 0.03515625
3 0.83359375 0.67578125 0.01484375 0.05546875
2 0.7796875 0.59296875 0.01171875 0.0390625
2 0.4375 0.50390625 0.0109375 0.0453125
2 0.63203125 0.36640625 0.009375 0.0359375
0 0.34296875 0.61328125 0.00703125 0.0125