0 0.5453125 0.62890625 0.00859375 0.015625
3 0.36015625 0.1890625 0.009375 0.03984375
2 0.6640625 0.3015625 0.0171875 0.0515625
2 0.57421875 0.259375 0.01015625 0.0453125
2 0.35546875 0.3625 0.01796875 0.046875
2 0.63828125 0.39921875 0.01328125 0.06484375
2 0.33359375 0.28125 0.01328125 0.046875
2 0.5359375 0.60703125 0.02421875 0.08359375
2 0.640625 0.4578125 0.01484375 0.07109375
2 0.30546875 0.3578125 0.01328125 0.06171875
2 0.4296875 0.7359375 0.02421875 0.08359375
2 0.43828125 0.33828125 0.015625 0.059375
2 0.39453125 0.75546875 0.025 0.090625
2 0.4546875 0.615625 0.01953125 0.08828125
2 0.6828125 0.359375 0.01328125 0.0640625
2 0.28515625 0.365625 0.01484375 0.06328125
2 0.8921875 0.39296875 0.01484375 0.06328125
3 0.37421875 0.47109375 0.01640625 0.071875
2 0.50859375 0.4265625 0.01640625 0.06875
2 0.41015625 0.496875 0.021875 0.06953125
2 0.8453125 0.671875 0.0234375 0.0953125
2 0.25703125 0.44140625 0.02734375 0.0734375
2 0.63359375 0.6515625 0.02109375 0.084375