3 0.53515625 0.21328125 0.0109375 0.03984375
2 0.4390625 0.3375 0.01015625 0.053125
1 0.15390625 0.346875 0.01328125 0.06171875
2 0.51953125 0.2953125 0.01875 0.04453125
2 0.259375 0.43828125 0.01875 0.071875
2 0.434375 0.3671875 0.02109375 0.05078125
2 0.38359375 0.36640625 0.01015625 0.0546875
2 0.409375 0.3421875 0.0140625 0.05859375
2 0.31484375 0.4328125 0.01640625 0.06796875
2 0.49375 0.3015625 0.01640625 0.0453125
2 0.60546875 0.3125 0.0171875 0.0546875
2 0.334375 0.3984375 0.0140625 0.0640625
2 0.2953125 0.42578125 0.015625 0.05859375
3 0.575 0.434375 0.01328125 0.06796875
2 0.55390625 0.31640625 0.01875 0.0515625
2 0.903125 0.40859375 0.01015625 0.06328125
2 0.6140625 0.3921875 0.0234375 0.05859375
2 0.8328125 0.403125 0.01796875 0.06640625
2 0.85078125 0.46953125 0.01640625 0.06953125
2 0.428125 0.45234375 0.01640625 0.06171875
2 0.90234375 0.5203125 0.01796875 0.078125
2 0.31484375 0.41796875 0.02265625 0.0609375
0 0.60390625 0.4015625 0.00625 0.0125