2 0.271875 0.2796875 0.0234375 0.05
3 0.2703125 0.19765625 0.01640625 0.03828125
2 0.57265625 0.2 0.01015625 0.04296875
2 0.5296875 0.23671875 0.00859375 0.03828125
2 0.2640625 0.290625 0.0171875 0.0546875
2 0.61484375 0.2375 0.0140625 0.0453125
2 0.453125 0.2203125 0.01015625 0.040625
2 0.52890625 0.27109375 0.015625 0.05078125
2 0.3734375 0.378125 0.0265625 0.059375
2 0.4046875 0.2921875 0.01328125 0.05078125
3 0.453125 0.41015625 0.01015625 0.06328125
2 0.37734375 0.253125 0.01015625 0.0484375
2 0.5578125 0.27265625 0.0109375 0.053125
2 0.21171875 0.39296875 0.01640625 0.06015625
2 0.72578125 0.28515625 0.01171875 0.05390625
2 0.2953125 0.37578125 0.01328125 0.0609375
2 0.29765625 0.25390625 0.0203125 0.05
2 0.6359375 0.33203125 0.01171875 0.059375
2 0.18203125 0.5234375 0.01875 0.0703125
2 0.23046875 0.43046875 0.01796875 0.06875
2 0.1703125 0.6953125 0.02265625 0.09453125
2 0.79296875 0.52421875 0.01953125 0.08046875
0 0.61015625 0.25390625 0.00546875 0.0125