3 0.2171875 0.2390625 0.0109375 0.040625
3 0.6375 0.41953125 0.0140625 0.04921875
2 0.71171875 0.33359375 0.0140625 0.05078125
2 0.31484375 0.44609375 0.0171875 0.05546875
2 0.71484375 0.34921875 0.01796875 0.0484375
0 0.5640625 0.59453125 0.00703125 0.0109375
2 0.53671875 0.24765625 0.0109375 0.0390625
2 0.615625 0.5640625 0.03046875 0.06953125
2 0.41875 0.425 0.01796875 0.0609375
2 0.64375 0.4390625 0.01796875 0.05859375
2 0.78125 0.3703125 0.009375 0.05546875
2 0.24375 0.44140625 0.01640625 0.05546875
2 0.55 0.32421875 0.0125 0.05
2 0.38828125 0.78828125 0.02421875 0.08515625
2 0.16640625 0.56953125 0.0203125 0.07109375
2 0.8765625 0.4515625 0.0125 0.06171875
2 0.36171875 0.31484375 0.01484375 0.04609375
2 0.23515625 0.7015625 0.01953125 0.078125
2 0.15546875 0.6484375 0.015625 0.0796875
2 0.434375 0.4640625 0.0234375 0.05546875
2 0.3890625 0.5140625 0.0203125 0.0640625
2 0.60234375 0.57265625 0.02890625 0.07109375
2 0.2375 0.61640625 0.02578125 0.07578125