0 0.725 0.55078125 0.0125 0.01171875
2 0.1296875 0.26484375 0.01328125 0.04609375
2 0.31875 0.2203125 0.0171875 0.0515625
3 0.09609375 0.209375 0.0140625 0.04609375
2 0.51015625 0.215625 0.01171875 0.0453125
2 0.471875 0.234375 0.01015625 0.046875
2 0.58125 0.26875 0.01484375 0.05625
3 0.46796875 0.3140625 0.0125 0.0546875
2 0.60625 0.5375 0.01796875 0.06796875
2 0.4765625 0.33984375 0.01484375 0.0609375
2 0.6984375 0.36171875 0.01328125 0.06640625
2 0.28046875 0.36875 0.015625 0.06328125
2 0.20546875 0.30703125 0.015625 0.0609375
2 0.325 0.31640625 0.01640625 0.06328125
2 0.07734375 0.39609375 0.0125 0.065625
2 0.56484375 0.42890625 0.02109375 0.06953125
2 0.2265625 0.5984375 0.01796875 0.08671875
2 0.3953125 0.36484375 0.01640625 0.0609375
2 0.67890625 0.39609375 0.015625 0.07109375
2 0.7875 0.571875 0.0203125 0.07578125
2 0.2984375 0.47265625 0.0171875 0.0765625
2 0.740625 0.41171875 0.0203125 0.071875
2 0.81875 0.59609375 0.03515625 0.0703125