2 0.5328125 0.21953125 0.01328125 0.03046875
3 0.22578125 0.21015625 0.009375 0.0484375
2 0.675 0.234375 0.01953125 0.0515625
2 0.66015625 0.23125 0.01484375 0.046875
2 0.48515625 0.26796875 0.0125 0.0546875
3 0.546875 0.30546875 0.01796875 0.05859375
2 0.24375 0.27109375 0.0140625 0.05859375
2 0.5734375 0.30703125 0.01484375 0.05546875
2 0.35625 0.61953125 0.01796875 0.090625
2 0.37890625 0.30234375 0.01328125 0.06171875
2 0.1953125 0.38125 0.01640625 0.06875
2 0.34453125 0.36796875 0.01328125 0.06796875
2 0.4421875 0.38984375 0.01640625 0.06640625
2 0.77578125 0.3609375 0.01640625 0.06875
2 0.37265625 0.4875 0.01328125 0.075
2 0.7921875 0.328125 0.01328125 0.06875
2 0.61953125 0.40546875 0.01953125 0.06953125
2 0.8203125 0.4265625 0.01875 0.07109375
2 0.87265625 0.6828125 0.02109375 0.08984375
2 0.5578125 0.64921875 0.0234375 0.08359375
2 0.88984375 0.58203125 0.01796875 0.08125
0 0.4875 0.22890625 0.0046875 0.01015625
2 0.48671875 0.21015625 0.0140625 0.04765625