3 0.2953125 0.27421875 0.00859375 0.02890625
0 0.46953125 0.6703125 0.00625 0.0109375
2 0.43359375 0.628125 0.028125 0.05546875
2 0.1625 0.65546875 0.02265625 0.07109375
2 0.609375 0.38359375 0.009375 0.0484375
2 0.48984375 0.3890625 0.01015625 0.0484375
2 0.29921875 0.61875 0.01328125 0.06875
2 0.3734375 0.6765625 0.015625 0.0609375
2 0.653125 0.37734375 0.0140625 0.046875
2 0.2484375 0.4921875 0.0109375 0.05625
3 0.3265625 0.47578125 0.01328125 0.05703125
2 0.3578125 0.6671875 0.02109375 0.075
2 0.3171875 0.3765625 0.01484375 0.046875
3 0.96953125 0.74140625 0.02265625 0.07890625
2 0.64296875 0.53828125 0.01640625 0.05625
2 0.20703125 0.60703125 0.01796875 0.0703125
2 0.31796875 0.63125 0.02265625 0.065625
2 0.28828125 0.659375 0.015625 0.06328125
2 0.5359375 0.48125 0.01328125 0.05390625
2 0.71875 0.41640625 0.01484375 0.05390625
2 0.88515625 0.60078125 0.01484375 0.0734375
2 0.3796875 0.5234375 0.01484375 0.06328125
2 0.54140625 0.625 0.01640625 0.06328125
2 0.44921875 0.29140625 0.009375 0.04140625