3 0.20078125 0.2015625 0.01328125 0.04453125
2 0.49765625 0.21796875 0.01015625 0.04296875
2 0.4515625 0.203125 0.01171875 0.0515625
2 0.596875 0.196875 0.01328125 0.04921875
2 0.42578125 0.26640625 0.0109375 0.0515625
3 0.56484375 0.29609375 0.01484375 0.05859375
2 0.5546875 0.29453125 0.0125 0.05859375
2 0.62578125 0.228125 0.01484375 0.05
2 0.41015625 0.3328125 0.01953125 0.065625
2 0.2375 0.2421875 0.01640625 0.053125
2 0.78203125 0.36953125 0.01328125 0.06953125
2 0.3453125 0.2859375 0.01328125 0.05859375
2 0.81953125 0.40078125 0.01953125 0.071875
2 0.19375 0.35859375 0.01171875 0.06640625
2 0.459375 0.328125 0.01484375 0.065625
2 0.578125 0.36640625 0.01328125 0.0640625
2 0.75859375 0.328125 0.01484375 0.065625
2 0.34921875 0.4421875 0.01640625 0.0734375
2 0.903125 0.55625 0.01953125 0.07890625
2 0.60390625 0.54921875 0.01875 0.1015625
2 0.38203125 0.56796875 0.02734375 0.084375
2 0.9234375 0.63046875 0.02109375 0.0859375
0 0.34375 0.31171875 0.00546875 0.0125