0 0.6484375 0.2796875 0.00546875 0.0109375
2 0.46015625 0.19921875 0.0078125 0.0390625
3 0.21875 0.19453125 0.00859375 0.04140625
2 0.3015625 0.23984375 0.01015625 0.04453125
2 0.39609375 0.28828125 0.0125 0.04921875
2 0.35859375 0.34453125 0.01171875 0.06015625
2 0.69453125 0.290625 0.009375 0.0546875
2 0.63515625 0.2265625 0.0171875 0.0453125
2 0.440625 0.27421875 0.01171875 0.05390625
2 0.24609375 0.29140625 0.01484375 0.05859375
2 0.1921875 0.35546875 0.01484375 0.0609375
2 0.6203125 0.29921875 0.0140625 0.0546875
3 0.46484375 0.41796875 0.0125 0.06640625
2 0.24140625 0.76328125 0.03046875 0.10078125
2 0.3765625 0.43828125 0.01484375 0.06875
2 0.18359375 0.33515625 0.0125 0.05546875
2 0.60625 0.3625 0.01328125 0.06015625
2 0.1625 0.446875 0.021875 0.071875
2 0.575 0.31796875 0.01171875 0.05390625
2 0.42109375 0.44140625 0.01796875 0.06640625
2 0.178125 0.46640625 0.0171875 0.075
2 0.8375 0.55625 0.02578125 0.0796875
2 0.15390625 0.565625 0.025 0.0765625