0 0.88046875 0.459375 0.00625 0.0109375
2 0.7015625 0.328125 0.01484375 0.04765625
2 0.83203125 0.41484375 0.02109375 0.05234375
3 0.6 0.35703125 0.01640625 0.0546875
2 0.7125 0.34765625 0.0171875 0.05234375
2 0.67890625 0.31953125 0.0125 0.05078125
1 0.871875 0.3609375 0.0265625 0.05
2 0.62890625 0.35859375 0.015625 0.0515625
2 0.8578125 0.44609375 0.0171875 0.0546875
2 0.74453125 0.33671875 0.01484375 0.0546875
2 0.6765625 0.403125 0.0140625 0.0546875
2 0.728125 0.39453125 0.01328125 0.05859375
2 0.8078125 0.36640625 0.01171875 0.059375
2 0.38046875 0.28828125 0.0125 0.04921875
2 0.5578125 0.3953125 0.0140625 0.059375
2 0.09375 0.41953125 0.01328125 0.06328125
2 0.07734375 0.353125 0.0125 0.05625
2 0.1734375 0.30546875 0.015625 0.05
2 0.3203125 0.48203125 0.02109375 0.07109375
2 0.13984375 0.33359375 0.01328125 0.0515625
2 0.11015625 0.409375 0.01796875 0.06328125
2 0.6984375 0.31328125 0.01484375 0.04375
2 0.71953125 0.33125 0.01796875 0.0453125