3 0.3578125 0.453125 0.0171875 0.04921875
2 0.38984375 0.29296875 0.01171875 0.03125
2 0.26171875 0.365625 0.0125 0.046875
2 0.36484375 0.50546875 0.0109375 0.05625
1 0.95234375 0.40546875 0.01875 0.04921875
2 0.421875 0.3984375 0.01015625 0.046875
2 0.60625 0.37734375 0.01328125 0.04375
2 0.6203125 0.7015625 0.01796875 0.07421875
2 0.56953125 0.38828125 0.0140625 0.05
2 0.54296875 0.7015625 0.02109375 0.071875
2 0.40078125 0.6015625 0.01796875 0.065625
2 0.70859375 0.4609375 0.0171875 0.05859375
3 0.88828125 0.71015625 0.0234375 0.08125
2 0.240625 0.471875 0.0140625 0.05546875
2 0.64296875 0.7078125 0.03203125 0.06171875
2 0.384375 0.70625 0.02265625 0.06953125
2 0.7828125 0.596875 0.0203125 0.059375
2 0.68203125 0.55 0.01328125 0.0609375
2 0.46171875 0.61328125 0.02109375 0.06875
2 0.2390625 0.60703125 0.0203125 0.0703125
2 0.2734375 0.60390625 0.01953125 0.06796875
2 0.209375 0.6390625 0.01796875 0.06875
2 0.5828125 0.51875 0.01328125 0.05546875
0 0.61875 0.721875 0.00703125 0.0140625
3 0.26640625 0.265625 0.0078125 0.0359375