0 0.19921875 0.43671875 0.00625 0.01015625
2 0.66875 0.278125 0.0109375 0.0390625
2 0.69296875 0.3015625 0.009375 0.03671875
2 0.6265625 0.31015625 0.00859375 0.040625
2 0.7046875 0.309375 0.00859375 0.040625
3 0.50078125 0.3640625 0.009375 0.0484375
2 0.49375 0.38515625 0.00859375 0.05
3 0.3484375 0.24921875 0.00703125 0.034375
2 0.73671875 0.36171875 0.01171875 0.05
2 0.80546875 0.43125 0.0140625 0.0515625
1 0.13046875 0.37109375 0.01328125 0.04453125
2 0.64921875 0.378125 0.01171875 0.05078125
2 0.38828125 0.2921875 0.009375 0.03984375
2 0.69765625 0.4734375 0.01171875 0.0546875
2 0.72578125 0.36875 0.0125 0.05
2 0.77578125 0.409375 0.0109375 0.05703125
2 0.81171875 0.71171875 0.01875 0.0765625
2 0.5203125 0.48046875 0.01484375 0.05703125
2 0.421875 0.34765625 0.0140625 0.046875
2 0.21328125 0.43046875 0.01640625 0.0546875
2 0.7578125 0.5 0.01796875 0.06484375
2 0.83203125 0.62734375 0.01328125 0.06953125
3 0.91796875 0.809375 0.03125 0.09453125
2 0.471875 0.63125 0.0171875 0.07890625
2 0.37109375 0.3734375 0.01171875 0.04921875