2 0.58359375 0.23828125 0.0125 0.04296875
0 0.309375 0.34375 0.00546875 0.0109375
3 0.2375 0.21484375 0.01328125 0.04375
3 0.50546875 0.30390625 0.01328125 0.05390625
2 0.63671875 0.41171875 0.0125 0.0609375
2 0.609375 0.31640625 0.0140625 0.05625
2 0.5578125 0.31796875 0.0109375 0.05546875
2 0.33671875 0.3953125 0.01328125 0.0609375
2 0.6140625 0.39140625 0.0140625 0.04921875
2 0.79921875 0.3765625 0.015625 0.065625
2 0.29140625 0.27890625 0.01171875 0.0484375
2 0.521875 0.3796875 0.01015625 0.059375
2 0.70390625 0.275 0.01171875 0.0484375
2 0.65625 0.384375 0.01328125 0.06015625
2 0.76171875 0.32578125 0.0125 0.05859375
2 0.1265625 0.396875 0.0125 0.0640625
2 0.434375 0.41640625 0.01796875 0.0640625
2 0.2125 0.590625 0.01875 0.08515625
2 0.82734375 0.45859375 0.01484375 0.07578125
2 0.4140625 0.375 0.0203125 0.0609375
2 0.60390625 0.48671875 0.0171875 0.07109375
2 0.8828125 0.634375 0.021875 0.08046875
2 0.57265625 0.70703125 0.01953125 0.08828125