1 0.99609375 0.3828125 0.00703125 0.03828125
2 0.5875 0.340625 0.01328125 0.0296875
2 0.5078125 0.340625 0.01015625 0.03671875
2 0.65703125 0.33203125 0.01015625 0.0390625
2 0.2328125 0.415625 0.01015625 0.04140625
2 0.28046875 0.36328125 0.01328125 0.03671875
3 0.47109375 0.39765625 0.00859375 0.03984375
2 0.421875 0.41328125 0.01015625 0.0453125
2 0.3875 0.40234375 0.01171875 0.046875
2 0.6546875 0.4015625 0.01171875 0.04921875
2 0.221875 0.63828125 0.01640625 0.065625
2 0.746875 0.38828125 0.01015625 0.0453125
2 0.16484375 0.54453125 0.01328125 0.06015625
2 0.725 0.5515625 0.01328125 0.05390625
2 0.26875 0.50234375 0.01328125 0.05859375
2 0.5859375 0.446875 0.01171875 0.0546875
2 0.196875 0.45625 0.0109375 0.0546875
2 0.55546875 0.44140625 0.0125 0.05
2 0.22109375 0.52109375 0.01484375 0.059375
2 0.86328125 0.503125 0.021875 0.05703125
2 0.68515625 0.63828125 0.0171875 0.0640625
2 0.4015625 0.65625 0.0265625 0.06171875
0 0.4390625 0.384375 0.00625 0.0125
3 0.22578125 0.28515625 0.01171875 0.03828125