2 0.61171875 0.29375 0.0109375 0.03125
2 0.2390625 0.35078125 0.01171875 0.03203125
2 0.615625 0.35 0.00859375 0.03515625
1 0.83046875 0.35390625 0.01328125 0.046875
2 0.7234375 0.35546875 0.0109375 0.03828125
2 0.91796875 0.484375 0.0125 0.04921875
2 0.54609375 0.31640625 0.01171875 0.034375
2 0.63125 0.39375 0.01796875 0.04453125
2 0.2515625 0.38671875 0.015625 0.034375
2 0.37578125 0.43125 0.01015625 0.04609375
2 0.3671875 0.30546875 0.00859375 0.03359375
2 0.33046875 0.3796875 0.01171875 0.04453125
2 0.1796875 0.45703125 0.0140625 0.04609375
3 0.4375 0.42890625 0.01015625 0.05
2 0.58515625 0.40390625 0.01328125 0.03984375
2 0.77109375 0.51171875 0.01484375 0.04609375
2 0.278125 0.51640625 0.01796875 0.05546875
2 0.21796875 0.62890625 0.02109375 0.059375
2 0.36796875 0.65234375 0.01640625 0.06796875
2 0.134375 0.58984375 0.01484375 0.06640625
2 0.75546875 0.68671875 0.02578125 0.06875
2 0.1140625 0.603125 0.02109375 0.06640625
3 0.15234375 0.29453125 0.009375 0.03125