2 0.3125 0.48671875 0.02734375 0.06640625
2 0.3015625 0.4921875 0.02421875 0.05859375
2 0.890625 0.61015625 0.01796875 0.078125
2 0.43125 0.5484375 0.01796875 0.06796875
2 0.6703125 0.3484375 0.0125 0.04609375
2 0.76875 0.43515625 0.02109375 0.05546875
2 0.35 0.54296875 0.02890625 0.05859375
2 0.25859375 0.5890625 0.03203125 0.0609375
2 0.3765625 0.634375 0.0171875 0.06953125
2 0.3265625 0.36796875 0.02109375 0.04609375
2 0.6234375 0.5734375 0.0171875 0.06640625
2 0.28515625 0.5765625 0.02265625 0.059375
2 0.865625 0.63046875 0.0140625 0.078125
2 0.365625 0.315625 0.021875 0.04140625
2 0.84765625 0.45703125 0.01328125 0.06328125
2 0.765625 0.49921875 0.0171875 0.06796875
2 0.44140625 0.4609375 0.02109375 0.059375
3 0.503125 0.409375 0.01796875 0.0484375
2 0.60390625 0.5296875 0.021875 0.06328125
2 0.50078125 0.56171875 0.021875 0.0703125
2 0.7796875 0.67578125 0.02578125 0.06796875
3 0.40703125 0.21171875 0.01171875 0.03046875
0 0.25546875 0.60859375 0.0078125 0.01328125