2 0.24453125 0.453125 0.00703125 0.03828125
2 0.8640625 0.70703125 0.01640625 0.0359375
2 0.15390625 0.540625 0.02109375 0.025
2 0.2328125 0.4359375 0.00625 0.03828125
2 0.2640625 0.46640625 0.009375 0.04296875
2 0.25078125 0.51953125 0.009375 0.040625
3 0.3390625 0.48671875 0.01171875 0.040625
2 0.39609375 0.52109375 0.01015625 0.04921875
2 0.79296875 0.540625 0.009375 0.04453125
2 0.371875 0.5078125 0.01015625 0.04375
2 0.77734375 0.5671875 0.009375 0.05078125
2 0.82890625 0.5421875 0.01015625 0.04921875
2 0.609375 0.44140625 0.009375 0.034375
2 0.8375 0.6875 0.0171875 0.065625
2 0.48046875 0.55390625 0.01015625 0.0484375
2 0.665625 0.69765625 0.01640625 0.05859375
2 0.05078125 0.56171875 0.01328125 0.03984375
0 0.34921875 0.3984375 0.0046875 0.01015625
2 0.26875 0.4375 0.0078125 0.034375
2 0.23515625 0.453125 0.00859375 0.04375
1 0.253125 0.440625 0.0125 0.028125
2 0.4078125 0.44453125 0.0109375 0.0359375
2 0.46875 0.5546875 0.01171875 0.05234375
3 0.40546875 0.34375 0.0078125 0.03125