2 0.234375 0.421875 0.01640625 0.05078125
2 0.53671875 0.35859375 0.00859375 0.040625
2 0.378125 0.2984375 0.01484375 0.028125
2 0.4453125 0.33046875 0.00703125 0.03671875
2 0.43984375 0.3359375 0.0125 0.03984375
2 0.2421875 0.43359375 0.01796875 0.046875
2 0.734375 0.39375 0.00859375 0.0453125
2 0.51796875 0.33203125 0.009375 0.04140625
2 0.52734375 0.4109375 0.01015625 0.04453125
2 0.6953125 0.34609375 0.00859375 0.040625
3 0.54296875 0.41171875 0.01953125 0.04375
2 0.653125 0.53984375 0.00859375 0.05390625
2 0.3640625 0.375 0.0109375 0.040625
2 0.72265625 0.4234375 0.01484375 0.04453125
2 0.25625 0.6390625 0.02421875 0.06328125
2 0.5375 0.71953125 0.02265625 0.07109375
2 0.41171875 0.31953125 0.01484375 0.03125
2 0.278125 0.3625 0.0109375 0.0453125
2 0.60234375 0.36875 0.009375 0.04609375
2 0.8046875 0.50703125 0.01328125 0.05546875
2 0.20625 0.55859375 0.0140625 0.05703125
3 0.32890625 0.27421875 0.01484375 0.03671875