2 0.30078125 0.51875 0.00859375 0.0390625
2 0.50625 0.434375 0.00703125 0.02890625
1 0.8125 0.50703125 0.01015625 0.04140625
2 0.33984375 0.46796875 0.00625 0.028125
2 0.41171875 0.52109375 0.00859375 0.0390625
2 0.71796875 0.66953125 0.0125 0.05
2 0.2640625 0.578125 0.00859375 0.04296875
2 0.5625 0.52421875 0.00859375 0.0359375
2 0.50859375 0.61953125 0.009375 0.0484375
2 0.409375 0.5765625 0.00859375 0.04296875
2 0.46171875 0.6765625 0.01171875 0.04921875
2 0.240625 0.6765625 0.00859375 0.0515625
3 0.4359375 0.5859375 0.009375 0.04140625
2 0.32578125 0.50703125 0.0078125 0.03671875
3 0.9234375 0.85 0.01953125 0.06328125
2 0.2875 0.58125 0.01015625 0.04609375
2 0.52265625 0.52421875 0.01328125 0.03359375
2 0.7578125 0.5953125 0.00859375 0.04453125
2 0.5828125 0.72734375 0.01796875 0.05859375
2 0.31484375 0.61640625 0.01015625 0.046875
2 0.27890625 0.7640625 0.0171875 0.05625
2 0.12578125 0.8140625 0.01796875 0.059375
2 0.43125 0.8859375 0.01796875 0.06796875
0 0.71328125 0.6828125 0.0046875 0.009375
3 0.34296875 0.40546875 0.0078125 0.0265625