3 0.3546875 0.2859375 0.00703125 0.02578125
2 0.51328125 0.2890625 0.00703125 0.02890625
1 0.0140625 0.43828125 0.01171875 0.04375
2 0.415625 0.5234375 0.01171875 0.04375
2 0.2953125 0.43046875 0.009375 0.04453125
1 0.9078125 0.40859375 0.0109375 0.04453125
2 0.36171875 0.33828125 0.00703125 0.0296875
2 0.43125 0.546875 0.00859375 0.053125
3 0.42109375 0.54765625 0.0140625 0.0546875
2 0.41875 0.38125 0.00703125 0.03828125
2 0.59765625 0.39375 0.0078125 0.040625
2 0.36953125 0.47890625 0.00859375 0.04609375
2 0.27890625 0.440625 0.0109375 0.04453125
2 0.39765625 0.35390625 0.00703125 0.03828125
2 0.48203125 0.5234375 0.01015625 0.046875
2 0.57734375 0.4515625 0.00703125 0.0484375
2 0.7 0.33671875 0.00859375 0.03671875
2 0.42421875 0.6140625 0.01484375 0.059375
2 0.5671875 0.43828125 0.0109375 0.0453125
2 0.30546875 0.79453125 0.01640625 0.06796875
2 0.78359375 0.5 0.01953125 0.05
2 0.28359375 0.6109375 0.01171875 0.06171875
2 0.3421875 0.5640625 0.01171875 0.05703125
2 0.2921875 0.409375 0.009375 0.04453125
0 0.725 0.42265625 0.00546875 0.0109375