1 0.15703125 0.45 0.00859375 0.0390625
2 0.0703125 0.51796875 0.0140625 0.04140625
2 0.39921875 0.37109375 0.00703125 0.03359375
2 0.66796875 0.32109375 0.00625 0.025
2 0.4328125 0.37421875 0.0078125 0.0359375
2 0.76171875 0.43046875 0.009375 0.0359375
2 0.3328125 0.49140625 0.0078125 0.04609375
2 0.76328125 0.38671875 0.009375 0.034375
2 0.25390625 0.459375 0.00859375 0.040625
2 0.15390625 0.50234375 0.01015625 0.034375
2 0.72265625 0.46796875 0.01015625 0.034375
2 0.5171875 0.43125 0.00859375 0.03984375
2 0.375 0.50859375 0.01015625 0.04609375
2 0.4453125 0.5109375 0.01171875 0.04453125
2 0.7234375 0.6390625 0.01328125 0.05703125
2 0.77421875 0.46953125 0.015625 0.040625
2 0.58125 0.43671875 0.01328125 0.03828125
2 0.396875 0.66875 0.01015625 0.0609375
2 0.37109375 0.68515625 0.01328125 0.06328125
2 0.653125 0.58359375 0.00859375 0.05390625
3 0.79375 0.84375 0.01953125 0.07421875
3 0.55546875 0.48203125 0.0125 0.04609375
2 0.76953125 0.63828125 0.01015625 0.05703125
3 0.4296875 0.27578125 0.00703125 0.028125