2 0.61640625 0.35859375 0.01015625 0.04921875
2 0.60859375 0.36328125 0.00859375 0.04140625
2 0.53984375 0.28125 0.01171875 0.03359375
3 0.990625 0.875 0.01875 0.09375
2 0.3625 0.378125 0.01015625 0.046875
2 0.53046875 0.284375 0.00859375 0.0328125
2 0.71015625 0.3046875 0.00859375 0.040625
2 0.38359375 0.29140625 0.00859375 0.03515625
2 0.70078125 0.33671875 0.00859375 0.0453125
2 0.5078125 0.38828125 0.01953125 0.046875
2 0.39296875 0.2828125 0.00703125 0.0359375
2 0.3640625 0.334375 0.0109375 0.0453125
2 0.66796875 0.3609375 0.00859375 0.04140625
2 0.82421875 0.40859375 0.01015625 0.05
2 0.559375 0.3484375 0.01328125 0.04453125
2 0.41796875 0.375 0.01171875 0.04609375
2 0.3046875 0.5109375 0.01484375 0.05625
3 0.46484375 0.41015625 0.01328125 0.05
2 0.70625 0.5171875 0.0140625 0.06953125
2 0.2828125 0.64140625 0.01484375 0.07109375
2 0.5265625 0.49921875 0.01328125 0.05859375
0 0.540625 0.28984375 0.0046875 0.00859375
2 0.615625 0.28203125 0.01171875 0.03515625
1 0.0546875 0.35234375 0.0109375 0.04765625
3 0.428125 0.22734375 0.0109375 0.028125