2 0.65 0.371875 0.01015625 0.03515625
2 0.303125 0.4015625 0.00859375 0.0359375
1 0.81171875 0.36171875 0.00859375 0.03359375
2 0.34453125 0.32734375 0.0078125 0.03203125
2 0.253125 0.41171875 0.01015625 0.04140625
2 0.79375 0.371875 0.01015625 0.034375
2 0.259375 0.4453125 0.01015625 0.04609375
2 0.50234375 0.40078125 0.00859375 0.03359375
2 0.3984375 0.36875 0.00703125 0.03359375
2 0.6421875 0.37109375 0.00859375 0.03671875
2 0.48359375 0.47109375 0.01171875 0.04375
2 0.6828125 0.4515625 0.00859375 0.0453125
2 0.5328125 0.74453125 0.0140625 0.0703125
3 0.50546875 0.43125 0.0109375 0.04296875
2 0.38203125 0.47890625 0.01015625 0.04453125
2 0.28515625 0.365625 0.01015625 0.0359375
2 0.471875 0.40546875 0.01171875 0.03828125
2 0.84375 0.5703125 0.01484375 0.05703125
2 0.2359375 0.49921875 0.01328125 0.053125
2 0.784375 0.5828125 0.01171875 0.0546875
2 0.28046875 0.61328125 0.01328125 0.059375
2 0.34765625 0.653125 0.01640625 0.0640625
0 0.728125 0.31328125 0.0078125 0.01328125
3 0.246875 0.31640625 0.00859375 0.0328125