2 0.29296875 0.20078125 0.009375 0.040625
1 0.19765625 0.2171875 0.01015625 0.046875
2 0.325 0.16171875 0.00859375 0.040625
2 0.371875 0.17890625 0.00859375 0.040625
2 0.559375 0.1734375 0.01015625 0.03515625
2 0.478125 0.1640625 0.0078125 0.0359375
2 0.409375 0.19296875 0.01015625 0.040625
2 0.45078125 0.278125 0.009375 0.04140625
2 0.125 0.31796875 0.0125 0.05390625
2 0.67109375 0.18359375 0.00703125 0.04140625
2 0.6734375 0.30546875 0.00859375 0.0515625
2 0.4578125 0.253125 0.00859375 0.04453125
2 0.64765625 0.21875 0.00859375 0.04609375
2 0.403125 0.2875 0.01015625 0.053125
2 0.8328125 0.24453125 0.0125 0.05078125
2 0.834375 0.328125 0.009375 0.059375
2 0.6640625 0.26953125 0.01015625 0.05078125
2 0.73203125 0.3515625 0.0125 0.059375
2 0.34140625 0.3671875 0.0140625 0.0546875
3 0.5609375 0.23671875 0.0140625 0.04609375
2 0.3078125 0.43046875 0.0140625 0.065625
2 0.71953125 0.45703125 0.01953125 0.06796875
3 0.89375 0.92421875 0.02265625 0.10390625
0 0.2296875 0.2234375 0.00625 0.0109375
3 0.4125 0.11640625 0.0078125 0.0328125