2 0.346875 0.515625 0.01328125 0.03671875
3 0.76484375 0.90234375 0.03203125 0.06328125
1 0.0546875 0.53125 0.01015625 0.03515625
2 0.459375 0.45859375 0.00703125 0.0296875
2 0.65234375 0.50390625 0.009375 0.03671875
2 0.17734375 0.67109375 0.0171875 0.05
2 0.45859375 0.57421875 0.0125 0.04453125
2 0.6671875 0.56875 0.00859375 0.04375
2 0.51640625 0.70703125 0.01015625 0.05859375
2 0.284375 0.58359375 0.0109375 0.0453125
3 0.4984375 0.58828125 0.01171875 0.04609375
2 0.296875 0.63359375 0.0140625 0.0515625
2 0.54375 0.740625 0.01328125 0.0609375
2 0.34609375 0.771875 0.015625 0.0609375
2 0.559375 0.7 0.0125 0.05390625
2 0.45234375 0.6390625 0.01640625 0.0515625
2 0.57421875 0.60625 0.01328125 0.0484375
2 0.53515625 0.67421875 0.01484375 0.05390625
2 0.7296875 0.68046875 0.0203125 0.05390625
2 0.05234375 0.721875 0.01328125 0.05078125
2 0.315625 0.63359375 0.01640625 0.0484375
2 0.41796875 0.83828125 0.02109375 0.0640625
2 0.3421875 0.5375 0.01328125 0.0484375
3 0.38359375 0.390625 0.00703125 0.02578125
0 0.7328125 0.703125 0.00703125 0.0125