2 0.5390625 0.67578125 0.01015625 0.05390625
2 0.33828125 0.48203125 0.00703125 0.0359375
2 0.3734375 0.440625 0.00703125 0.02890625
2 0.4421875 0.5515625 0.00859375 0.03984375
3 0.925 0.8546875 0.0140625 0.06640625
2 0.5453125 0.390625 0.0078125 0.03046875
1 0.059375 0.51953125 0.0109375 0.0359375
3 0.4390625 0.57890625 0.01015625 0.04609375
2 0.5578125 0.571875 0.0078125 0.0484375
2 0.440625 0.496875 0.009375 0.03828125
2 0.29921875 0.53984375 0.01015625 0.040625
2 0.37890625 0.759375 0.01484375 0.0609375
2 0.37890625 0.471875 0.00859375 0.0359375
2 0.28828125 0.65390625 0.01640625 0.0546875
2 0.5984375 0.49609375 0.0078125 0.0359375
2 0.571875 0.546875 0.01640625 0.04140625
2 0.33828125 0.52109375 0.01015625 0.0484375
1 0.87734375 0.496875 0.01015625 0.03984375
2 0.74375 0.5015625 0.009375 0.04296875
2 0.74140625 0.6453125 0.0125 0.0484375
2 0.3734375 0.58671875 0.0078125 0.046875
2 0.703125 0.70703125 0.0140625 0.06015625
2 0.2203125 0.82421875 0.01484375 0.0640625
2 0.49296875 0.85234375 0.01953125 0.06796875
3 0.38203125 0.37734375 0.00625 0.025
0 0.6984375 0.71796875 0.0046875 0.00859375