2 0.4078125 0.39921875 0.00703125 0.03203125
2 0.625 0.5578125 0.01484375 0.0453125
2 0.46796875 0.46484375 0.0078125 0.04375
1 0.07109375 0.478125 0.01015625 0.0390625
3 0.934375 0.88515625 0.0234375 0.0796875
2 0.6390625 0.4609375 0.00859375 0.0390625
2 0.46484375 0.52578125 0.0078125 0.04375
2 0.36328125 0.44296875 0.0078125 0.03984375
2 0.3203125 0.49609375 0.009375 0.04375
1 0.95703125 0.48671875 0.0140625 0.04296875
2 0.7421875 0.43828125 0.01015625 0.040625
3 0.44765625 0.578125 0.01015625 0.0515625
2 0.30390625 0.60703125 0.0125 0.05625
2 0.41640625 0.43046875 0.00859375 0.03671875
2 0.5625 0.61875 0.01171875 0.0515625
2 0.35234375 0.47890625 0.01015625 0.04453125
2 0.53046875 0.56953125 0.01171875 0.05390625
2 0.39296875 0.5515625 0.01171875 0.0484375
2 0.76484375 0.696875 0.0125 0.06171875
2 0.36953125 0.71875 0.01796875 0.06171875
2 0.74140625 0.59765625 0.01171875 0.04921875
2 0.26015625 0.83671875 0.01484375 0.065625
2 0.51640625 0.84375 0.01875 0.0734375
2 0.56875 0.35 0.00859375 0.034375
3 0.40859375 0.3390625 0.00625 0.028125
0 0.7375 0.5953125 0.0046875 0.00859375