2 0.39375 0.43828125 0.01171875 0.0390625
1 0.015625 0.4296875 0.01328125 0.0390625
2 0.44453125 0.31171875 0.009375 0.0265625
2 0.2765625 0.41796875 0.0078125 0.04296875
2 0.28125 0.5140625 0.01875 0.05
2 0.596875 0.36796875 0.00703125 0.03515625
2 0.46640625 0.365625 0.0078125 0.0359375
2 0.284375 0.41796875 0.009375 0.0453125
2 0.328125 0.36484375 0.00859375 0.03515625
2 0.39296875 0.328125 0.00703125 0.03359375
3 0.3921875 0.45390625 0.01171875 0.04453125
2 0.88984375 0.40625 0.01015625 0.04296875
2 0.66328125 0.33046875 0.009375 0.03515625
2 0.47109375 0.5109375 0.00859375 0.0484375
2 0.57578125 0.3984375 0.0078125 0.0390625
2 0.59375 0.43828125 0.00859375 0.04140625
2 0.45703125 0.46875 0.01015625 0.046875
2 0.33359375 0.4765625 0.00859375 0.04609375
3 0.978125 0.825 0.0203125 0.08046875
2 0.8125 0.49453125 0.01484375 0.0453125
2 0.2765625 0.6046875 0.0109375 0.05703125
2 0.36171875 0.5609375 0.01171875 0.05546875
2 0.46640625 0.80625 0.02734375 0.06953125
0 0.80625 0.5125 0.00546875 0.009375
2 0.53359375 0.284375 0.0109375 0.03359375
3 0.35390625 0.2875 0.00859375 0.028125