2 0.7265625 0.2578125 0.0171875 0.028125
2 0.384375 0.25 0.0078125 0.0296875
2 0.63046875 0.24453125 0.00703125 0.028125
2 0.62265625 0.2515625 0.0078125 0.0296875
2 0.375 0.3015625 0.0109375 0.04375
2 0.37265625 0.33984375 0.009375 0.04609375
2 0.5625 0.334375 0.00859375 0.04375
2 0.39296875 0.25390625 0.01171875 0.034375
2 0.559375 0.253125 0.00859375 0.03515625
2 0.7078125 0.26875 0.01171875 0.03359375
2 0.65 0.309375 0.00859375 0.03671875
2 0.30078125 0.59921875 0.01015625 0.06171875
2 0.5140625 0.315625 0.01015625 0.04140625
2 0.80546875 0.3734375 0.01796875 0.04921875
2 0.42109375 0.31953125 0.00703125 0.04375
1 0.05078125 0.34921875 0.01171875 0.04375
2 0.42109375 0.38203125 0.0125 0.0484375
2 0.66640625 0.353125 0.01171875 0.04375
3 0.490625 0.36875 0.01171875 0.0453125
2 0.53046875 0.4671875 0.01484375 0.0546875
2 0.71328125 0.46328125 0.0125 0.06015625
2 0.31796875 0.48046875 0.01875 0.05390625
3 0.41796875 0.21875 0.00859375 0.028125
0 0.73515625 0.2703125 0.0046875 0.01015625