3 0.43515625 0.225 0.00703125 0.034375
2 0.809375 0.321875 0.009375 0.0453125
2 0.80390625 0.25859375 0.01015625 0.03671875
2 0.49296875 0.24296875 0.00703125 0.03359375
2 0.81640625 0.43671875 0.0109375 0.0640625
2 0.80546875 0.33671875 0.01171875 0.046875
2 0.80390625 0.3859375 0.01015625 0.046875
2 0.78203125 0.275 0.0125 0.0390625
2 0.55078125 0.275 0.00625 0.03671875
2 0.42734375 0.31875 0.00859375 0.04296875
2 0.82421875 0.428125 0.01484375 0.0546875
2 0.63828125 0.33359375 0.01015625 0.04609375
2 0.7921875 0.32109375 0.00859375 0.04140625
3 0.64453125 0.3546875 0.01015625 0.046875
2 0.6890625 0.34140625 0.01171875 0.04375
2 0.271875 0.38203125 0.0171875 0.0453125
2 0.43515625 0.36171875 0.01171875 0.0453125
2 0.7109375 0.5984375 0.01796875 0.06953125
3 0.984375 0.96171875 0.03046875 0.075
1 0.19921875 0.33046875 0.01796875 0.046875
2 0.30234375 0.3703125 0.0109375 0.0484375
2 0.5625 0.39609375 0.0171875 0.0515625
2 0.37109375 0.67421875 0.02421875 0.065625
0 0.21015625 0.34921875 0.00546875 0.01015625
2 0.73515625 0.23828125 0.009375 0.03984375