2 0.23125 0.24375 0.0140625 0.04140625
2 0.34296875 0.17421875 0.0125 0.03515625
2 0.5359375 0.16640625 0.0109375 0.03125
1 0.1890625 0.228125 0.0125 0.0390625
2 0.6453125 0.19375 0.00859375 0.0390625
2 0.4375 0.18828125 0.009375 0.040625
2 0.50625 0.33359375 0.01015625 0.0515625
2 0.47109375 0.19921875 0.00859375 0.04140625
2 0.71875 0.19453125 0.01328125 0.03984375
2 0.6625 0.23203125 0.00859375 0.04375
2 0.084375 0.3484375 0.01484375 0.0546875
2 0.30546875 0.5046875 0.01875 0.06640625
3 0.6140625 0.23125 0.0078125 0.0453125
2 0.8734375 0.28984375 0.01171875 0.0515625
2 0.73828125 0.32421875 0.01171875 0.053125
2 0.78125 0.39453125 0.01484375 0.05546875
2 0.51484375 0.271875 0.01328125 0.04921875
2 0.45546875 0.296875 0.0125 0.05
2 0.85234375 0.36875 0.0140625 0.06015625
2 0.69921875 0.3078125 0.01171875 0.05078125
2 0.38828125 0.39609375 0.01640625 0.05859375
2 0.70234375 0.50703125 0.01484375 0.065625
3 0.88515625 0.91328125 0.0234375 0.10078125
0 0.22109375 0.25859375 0.0046875 0.009375
3 0.4015625 0.12109375 0.0078125 0.0328125