0 0.85 0.7109375 0.00625 0.01015625
2 0.25625 0.6125 0.0109375 0.0453125
2 0.571875 0.54921875 0.01015625 0.0390625
2 0.5328125 0.46875 0.0078125 0.03125
2 0.36328125 0.4765625 0.00703125 0.03125
1 0.85078125 0.51796875 0.00859375 0.0390625
2 0.31875 0.5390625 0.00859375 0.04453125
2 0.409375 0.55078125 0.0078125 0.04140625
2 0.41484375 0.60703125 0.01015625 0.0453125
2 0.5546875 0.56328125 0.00859375 0.04453125
3 0.459375 0.58984375 0.009375 0.04375
2 0.50234375 0.6640625 0.00859375 0.0515625
2 0.6203125 0.68203125 0.0203125 0.05
2 0.3046875 0.525 0.0078125 0.0390625
2 0.27109375 0.6390625 0.01015625 0.046875
2 0.22578125 0.6859375 0.0109375 0.05078125
3 0.9375 0.85546875 0.025 0.06484375
2 0.2609375 0.79140625 0.01484375 0.0640625
2 0.87265625 0.70078125 0.01875 0.0546875
2 0.453125 0.68984375 0.0109375 0.05390625
2 0.3953125 0.88671875 0.01484375 0.06640625
2 0.49453125 0.69453125 0.0171875 0.0546875
2 0.05078125 0.79609375 0.01484375 0.05546875
2 0.259375 0.6015625 0.01171875 0.04453125
3 0.33984375 0.40859375 0.00546875 0.02578125