3 0.86015625 0.9046875 0.0375 0.08671875
2 0.66640625 0.34609375 0.009375 0.0359375
2 0.50703125 0.37109375 0.01015625 0.03515625
2 0.5765625 0.3078125 0.00859375 0.034375
0 0.73828125 0.84453125 0.00703125 0.01328125
2 0.77109375 0.540625 0.01953125 0.05625
2 0.6875 0.44375 0.0140625 0.04140625
2 0.39375 0.35546875 0.00859375 0.03984375
1 0.071875 0.41484375 0.01171875 0.04296875
2 0.70859375 0.40625 0.0125 0.040625
2 0.7390625 0.4375 0.01640625 0.0453125
2 0.346875 0.45625 0.009375 0.046875
2 0.81015625 0.7578125 0.0203125 0.071875
2 0.62734375 0.34140625 0.01015625 0.034375
2 0.5328125 0.428125 0.01328125 0.0453125
2 0.403125 0.575 0.01640625 0.05703125
2 0.565625 0.440625 0.01171875 0.04296875
2 0.1875 0.584375 0.01328125 0.05390625
3 0.5234375 0.49296875 0.01328125 0.04921875
2 0.809375 0.7984375 0.02578125 0.07890625
2 0.14296875 0.565625 0.02109375 0.05703125
2 0.321875 0.5265625 0.0125 0.053125
2 0.23203125 0.74921875 0.0265625 0.06171875
2 0.159375 0.67890625 0.01953125 0.059375
3 0.359375 0.27890625 0.01015625 0.02890625