3 0.43046875 0.121875 0.009375 0.0328125
2 0.55234375 0.153125 0.00703125 0.03515625
2 0.7625 0.21171875 0.01328125 0.04375
2 0.3625 0.1875 0.00859375 0.0421875
2 0.8375 0.3234375 0.0140625 0.0609375
2 0.2421875 0.3078125 0.0140625 0.05
2 0.678125 0.21328125 0.01015625 0.0453125
2 0.4890625 0.22578125 0.01015625 0.04140625
2 0.35625 0.32734375 0.01953125 0.05078125
2 0.47578125 0.203125 0.01015625 0.040625
2 0.67421875 0.2625 0.01015625 0.046875
2 0.0984375 0.446875 0.01484375 0.06484375
3 0.62265625 0.23671875 0.01171875 0.0453125
2 0.89140625 0.4453125 0.01484375 0.0609375
2 0.746875 0.33203125 0.01640625 0.05546875
2 0.5 0.3828125 0.01328125 0.05625
2 0.52421875 0.303125 0.01171875 0.05078125
2 0.81328125 0.50234375 0.01328125 0.06953125
2 0.259375 0.6203125 0.0171875 0.07578125
2 0.6734375 0.37109375 0.01328125 0.05703125
3 0.90546875 0.90546875 0.03515625 0.10390625
2 0.434375 0.4109375 0.0109375 0.059375
2 0.58828125 0.57421875 0.015625 0.07890625
1 0.1375 0.2421875 0.0140625 0.05234375
0 0.24375 0.33515625 0.00546875 0.0109375