2 0.4515625 0.25703125 0.0171875 0.0375
2 0.71796875 0.3265625 0.01171875 0.05234375
2 0.696875 0.3484375 0.01484375 0.04921875
2 0.52265625 0.32734375 0.009375 0.04375
2 0.690625 0.26953125 0.0109375 0.0390625
2 0.38359375 0.35390625 0.01015625 0.05546875
2 0.86953125 0.41484375 0.0109375 0.05703125
2 0.4046875 0.26171875 0.015625 0.03984375
2 0.296875 0.3578125 0.01171875 0.04921875
2 0.68828125 0.3765625 0.01953125 0.053125
2 0.46640625 0.3609375 0.01328125 0.0484375
2 0.625 0.3609375 0.01328125 0.0515625
2 0.5859375 0.396875 0.01328125 0.05390625
3 0.47734375 0.403125 0.0125 0.05546875
2 0.7421875 0.35078125 0.015625 0.05078125
2 0.5421875 0.4109375 0.01640625 0.0546875
2 0.58984375 0.53984375 0.01953125 0.06953125
2 0.27734375 0.43359375 0.01171875 0.0609375
2 0.28515625 0.7875 0.03359375 0.084375
2 0.6546875 0.60078125 0.0171875 0.08046875
2 0.2453125 0.61953125 0.02265625 0.0796875
0 0.58203125 0.4140625 0.00546875 0.009375
3 0.35390625 0.2078125 0.009375 0.0375