3 0.43046875 0.253125 0.00859375 0.03359375
2 0.790625 0.38203125 0.009375 0.04375
2 0.778125 0.31796875 0.009375 0.03828125
2 0.7171875 0.27421875 0.0078125 0.03515625
2 0.75234375 0.3078125 0.009375 0.03828125
2 0.7640625 0.37578125 0.01015625 0.040625
1 0.159375 0.3765625 0.01015625 0.0453125
2 0.46953125 0.296875 0.0078125 0.0390625
2 0.6234375 0.38359375 0.01328125 0.04921875
2 0.24453125 0.47109375 0.015625 0.0484375
2 0.67578125 0.403125 0.01171875 0.0453125
2 0.4359375 0.39296875 0.01015625 0.04453125
2 0.57734375 0.33125 0.00703125 0.03984375
2 0.35078125 0.66796875 0.0234375 0.06796875
2 0.41796875 0.434375 0.01015625 0.04609375
2 0.19296875 0.4765625 0.01484375 0.05390625
3 0.6171875 0.42578125 0.0109375 0.04609375
2 0.7765625 0.46328125 0.01171875 0.05625
2 0.18046875 0.6453125 0.02578125 0.0609375
2 0.8109375 0.5484375 0.01328125 0.0640625
2 0.5171875 0.484375 0.01640625 0.0515625
3 0.8859375 0.95625 0.0296875 0.08671875
2 0.84609375 0.578125 0.01484375 0.05703125
0 0.19453125 0.67109375 0.00703125 0.0125
2 0.79453125 0.39140625 0.01171875 0.0453125