2 0.5703125 0.21953125 0.01015625 0.03125
2 0.19765625 0.28515625 0.00859375 0.0390625
1 0.7796875 0.26875 0.01015625 0.0359375
2 0.58828125 0.24453125 0.00703125 0.034375
2 0.26171875 0.3109375 0.00859375 0.03984375
2 0.16328125 0.33046875 0.01015625 0.04375
2 0.2265625 0.303125 0.00859375 0.0390625
3 0.37578125 0.390625 0.0125 0.046875
2 0.5984375 0.30234375 0.00859375 0.03984375
2 0.70078125 0.29375 0.01171875 0.0390625
2 0.1890625 0.33671875 0.0109375 0.0453125
2 0.309375 0.38125 0.01171875 0.04921875
2 0.75859375 0.478125 0.0125 0.059375
2 0.51796875 0.28203125 0.01328125 0.0359375
2 0.1453125 0.471875 0.0109375 0.0546875
2 0.48984375 0.28046875 0.01484375 0.03515625
2 0.2828125 0.37421875 0.01640625 0.046875
2 0.56015625 0.478125 0.01484375 0.059375
2 0.22890625 0.57578125 0.01484375 0.0640625
2 0.209375 0.409375 0.01484375 0.05390625
2 0.20703125 0.71328125 0.03125 0.0734375
3 0.1921875 0.24765625 0.00703125 0.0328125
2 0.20234375 0.26953125 0.00703125 0.03359375
0 0.75390625 0.2765625 0.0046875 0.009375