3 0.2109375 0.36015625 0.01015625 0.02578125
2 0.36875 0.3875 0.0078125 0.03203125
2 0.25234375 0.41953125 0.0109375 0.03671875
1 0.84140625 0.45078125 0.009375 0.03671875
2 0.2578125 0.45546875 0.00703125 0.0359375
2 0.74921875 0.49765625 0.01015625 0.0453125
2 0.35703125 0.41328125 0.00859375 0.03203125
3 0.45546875 0.5203125 0.009375 0.0453125
2 0.6296875 0.43671875 0.00703125 0.040625
2 0.45234375 0.48046875 0.00703125 0.03828125
3 0.959375 0.69296875 0.02421875 0.05859375
2 0.19921875 0.72109375 0.01640625 0.065625
2 0.5765625 0.42265625 0.0109375 0.03984375
2 0.209375 0.46875 0.0109375 0.04296875
2 0.32734375 0.603125 0.0109375 0.05390625
2 0.8578125 0.70390625 0.0140625 0.07109375
2 0.734375 0.5390625 0.0109375 0.04921875
2 0.42890625 0.4921875 0.01171875 0.0453125
2 0.44296875 0.8234375 0.02265625 0.06640625
2 0.18203125 0.52578125 0.0125 0.04375
2 0.7859375 0.64453125 0.015625 0.059375
2 0.42265625 0.60390625 0.01484375 0.0546875
2 0.18046875 0.61953125 0.01484375 0.0546875
2 0.303125 0.76171875 0.01328125 0.06875
0 0.8265625 0.45703125 0.00546875 0.009375