2 0.31953125 0.35703125 0.009375 0.03359375
2 0.45859375 0.29140625 0.01015625 0.03828125
2 0.31640625 0.36796875 0.009375 0.0390625
2 0.4828125 0.6984375 0.025 0.059375
2 0.1046875 0.66875 0.01953125 0.0453125
2 0.3140625 0.55 0.01953125 0.03671875
2 0.57265625 0.42265625 0.01171875 0.04140625
2 0.3640625 0.43515625 0.009375 0.04296875
2 0.2484375 0.41796875 0.0109375 0.040625
2 0.55234375 0.44609375 0.009375 0.04375
2 0.18671875 0.5453125 0.01640625 0.0515625
2 0.121875 0.65546875 0.02109375 0.0625
1 0.8859375 0.4265625 0.01328125 0.04375
2 0.20234375 0.45234375 0.01171875 0.0453125
2 0.6859375 0.3640625 0.01015625 0.0390625
2 0.49453125 0.56953125 0.01640625 0.05703125
3 0.33515625 0.51875 0.0109375 0.05078125
3 0.89765625 0.83359375 0.01640625 0.07578125
2 0.2234375 0.5234375 0.01640625 0.04921875
2 0.2359375 0.43046875 0.01171875 0.04375
2 0.540625 0.61796875 0.01953125 0.059375
2 0.82421875 0.6140625 0.01484375 0.05859375
2 0.41875 0.73046875 0.0296875 0.05546875
0 0.42734375 0.725 0.00859375 0.015625
3 0.3234375 0.28515625 0.00703125 0.028125