2 0.515625 0.2703125 0.00859375 0.03359375
2 0.5234375 0.278125 0.00859375 0.034375
2 0.2796875 0.265625 0.0078125 0.03125
2 0.23984375 0.275 0.01328125 0.03515625
2 0.7546875 0.42421875 0.01484375 0.05
2 0.234375 0.31171875 0.009375 0.03828125
1 0.83359375 0.275 0.01015625 0.03515625
2 0.61328125 0.259375 0.00703125 0.034375
2 0.61796875 0.29921875 0.01015625 0.0390625
2 0.58125 0.24609375 0.00703125 0.03359375
2 0.2125 0.315625 0.01015625 0.0390625
2 0.26015625 0.2953125 0.01171875 0.03515625
3 0.44140625 0.3609375 0.01171875 0.04140625
2 0.315625 0.32265625 0.00859375 0.04140625
2 0.74921875 0.25859375 0.0109375 0.03203125
2 0.234375 0.45703125 0.01484375 0.05078125
2 0.21171875 0.38828125 0.01640625 0.0453125
2 0.3796875 0.35390625 0.0109375 0.04375
2 0.3484375 0.36015625 0.0125 0.04609375
2 0.640625 0.446875 0.01015625 0.0515625
2 0.41171875 0.60390625 0.0125 0.0703125
2 0.2578125 0.53828125 0.01796875 0.05546875
3 0.21796875 0.25078125 0.0125 0.03046875