3 0.3109375 0.31484375 0.00703125 0.02578125
0 0.93125 0.7609375 0.01015625 0.01484375
2 0.5578125 0.36640625 0.00703125 0.03359375
2 0.3984375 0.40546875 0.00859375 0.0359375
2 0.5125 0.3671875 0.00703125 0.03046875
2 0.89296875 0.78125 0.02109375 0.0484375
2 0.48828125 0.48359375 0.0125 0.04453125
2 0.52421875 0.47578125 0.0125 0.04296875
2 0.184375 0.66796875 0.01796875 0.05546875
2 0.725 0.45859375 0.01640625 0.04296875
2 0.421875 0.80546875 0.01328125 0.06328125
3 0.51328125 0.52421875 0.01328125 0.046875
2 0.4171875 0.359375 0.00703125 0.0359375
2 0.3015625 0.41328125 0.0109375 0.03671875
3 0.925 0.825 0.03203125 0.07421875
2 0.7078125 0.525 0.01484375 0.04453125
2 0.665625 0.4234375 0.01328125 0.04296875
2 0.2703125 0.490625 0.0140625 0.04609375
2 0.259375 0.740625 0.01328125 0.0609375
2 0.3078125 0.60859375 0.01640625 0.053125
2 0.87109375 0.7734375 0.02421875 0.075
2 0.178125 0.625 0.01484375 0.059375
2 0.8078125 0.58671875 0.01328125 0.0515625
2 0.43984375 0.61328125 0.02109375 0.0546875