2 0.509375 0.3953125 0.00703125 0.03359375
2 0.6953125 0.4640625 0.0109375 0.04296875
2 0.4765625 0.34140625 0.00546875 0.0265625
1 0.98203125 0.446875 0.01015625 0.04140625
2 0.40703125 0.384375 0.00703125 0.034375
1 0.11015625 0.43203125 0.00703125 0.0390625
2 0.74921875 0.36953125 0.0109375 0.0359375
2 0.71484375 0.38671875 0.00703125 0.03203125
2 0.5453125 0.54609375 0.01015625 0.04921875
2 0.709375 0.46171875 0.009375 0.04140625
2 0.4546875 0.38203125 0.0078125 0.034375
3 0.48515625 0.5 0.009375 0.04609375
2 0.3953125 0.49921875 0.01015625 0.0484375
2 0.49140625 0.446875 0.00703125 0.03828125
2 0.36015625 0.43359375 0.00703125 0.04140625
2 0.3515625 0.64453125 0.01171875 0.059375
2 0.35390625 0.5078125 0.009375 0.04921875
2 0.27578125 0.75078125 0.0140625 0.0609375
2 0.371875 0.43203125 0.00859375 0.03984375
2 0.5390625 0.465625 0.009375 0.04296875
2 0.53125 0.77421875 0.01484375 0.06953125
2 0.79609375 0.62890625 0.01328125 0.05625
3 0.4296875 0.309375 0.00625 0.02421875
0 0.74296875 0.38125 0.00390625 0.0078125
2 0.6125 0.3140625 0.0078125 0.02578125