2 0.8140625 0.2671875 0.01171875 0.03359375
2 0.8578125 0.34140625 0.01484375 0.04453125
2 0.72421875 0.2390625 0.01171875 0.03515625
2 0.8453125 0.246875 0.00859375 0.03125
2 0.82890625 0.3078125 0.009375 0.04375
2 0.5921875 0.271875 0.00859375 0.03828125
2 0.865625 0.38203125 0.01171875 0.05078125
2 0.725 0.31171875 0.00859375 0.03984375
2 0.58359375 0.36015625 0.0140625 0.05
2 0.7953125 0.30859375 0.0109375 0.04296875
2 0.57734375 0.24921875 0.0125 0.03359375
2 0.8421875 0.3234375 0.0109375 0.0484375
1 0.1484375 0.3265625 0.009375 0.04375
2 0.41328125 0.296875 0.009375 0.04375
3 0.67421875 0.31875 0.01171875 0.04375
2 0.65390625 0.29921875 0.00859375 0.04140625
2 0.8171875 0.5046875 0.01484375 0.05546875
2 0.36484375 0.303125 0.01171875 0.04140625
2 0.790625 0.35703125 0.01171875 0.04375
2 0.415625 0.34921875 0.0140625 0.0453125
2 0.359375 0.38671875 0.0171875 0.05
2 0.51171875 0.5265625 0.01953125 0.065625
0 0.153125 0.3453125 0.0046875 0.00859375
3 0.38515625 0.2296875 0.01015625 0.02890625