2 0.9453125 0.5546875 0.01328125 0.05390625
2 0.896875 0.5140625 0.01484375 0.0484375
2 0.6375 0.50859375 0.01328125 0.04453125
2 0.35 0.46640625 0.01171875 0.0390625
2 0.49453125 0.41171875 0.00703125 0.03125
2 0.65703125 0.44453125 0.01171875 0.0390625
2 0.3578125 0.5625 0.01328125 0.0546875
2 0.53203125 0.43984375 0.01171875 0.03671875
2 0.61796875 0.47109375 0.00859375 0.0390625
2 0.17421875 0.42578125 0.00859375 0.0359375
3 0.50234375 0.48359375 0.01015625 0.04453125
2 0.36640625 0.5765625 0.01640625 0.05
2 0.1796875 0.53984375 0.01015625 0.05
2 0.2828125 0.40078125 0.00546875 0.03046875
2 0.603125 0.53671875 0.01484375 0.05078125
2 0.15078125 0.50625 0.01171875 0.05078125
2 0.78671875 0.61015625 0.01484375 0.06328125
2 0.35078125 0.6796875 0.01796875 0.07421875
2 0.15 0.5796875 0.021875 0.0609375
2 0.74453125 0.61875 0.01484375 0.059375
2 0.54140625 0.64921875 0.01640625 0.06640625
3 0.13359375 0.38515625 0.009375 0.034375
1 0.87734375 0.471875 0.015625 0.0421875
0 0.4578125 0.4328125 0.00703125 0.01328125