3 0.165625 0.3828125 0.0078125 0.0265625
2 0.55625 0.43515625 0.00703125 0.0390625
2 0.70390625 0.44609375 0.00703125 0.03984375
2 0.50546875 0.39921875 0.00703125 0.03359375
2 0.31484375 0.38984375 0.00859375 0.03125
2 0.37109375 0.45078125 0.00859375 0.03984375
2 0.61796875 0.49296875 0.0109375 0.04609375
2 0.88671875 0.528125 0.02109375 0.0515625
2 0.9125 0.540625 0.01953125 0.05
2 0.20703125 0.4140625 0.009375 0.03671875
2 0.33671875 0.57734375 0.01015625 0.06015625
3 0.48984375 0.50546875 0.00859375 0.04921875
2 0.36640625 0.5015625 0.01171875 0.05
2 0.1890625 0.51328125 0.0140625 0.0484375
2 0.1765625 0.48828125 0.0109375 0.04921875
2 0.67421875 0.53125 0.015625 0.0515625
2 0.753125 0.6265625 0.01953125 0.06328125
2 0.58671875 0.71875 0.02265625 0.07890625
2 0.1828125 0.559375 0.01484375 0.065625
2 0.62265625 0.54296875 0.0203125 0.053125
2 0.83671875 0.64609375 0.0125 0.06875
2 0.43359375 0.68828125 0.021875 0.07421875
0 0.909375 0.52421875 0.00703125 0.0125
1 0.86953125 0.45703125 0.01328125 0.0453125