2 0.5953125 0.440625 0.00703125 0.034375
2 0.43203125 0.40078125 0.00625 0.028125
2 0.41875 0.55078125 0.015625 0.04375
2 0.63984375 0.47890625 0.009375 0.040625
2 0.659375 0.47890625 0.009375 0.03984375
2 0.63984375 0.55546875 0.01171875 0.0484375
2 0.45703125 0.7125 0.02578125 0.0625
2 0.353125 0.53828125 0.01015625 0.05390625
2 0.228125 0.56640625 0.0140625 0.05078125
1 0.021875 0.503125 0.01015625 0.046875
3 0.45703125 0.528125 0.01328125 0.05390625
2 0.68203125 0.55625 0.01171875 0.04921875
2 0.26796875 0.48125 0.01171875 0.04375
2 0.396875 0.76640625 0.02578125 0.06953125
2 0.68359375 0.66484375 0.015625 0.06875
2 0.3109375 0.7109375 0.015625 0.06796875
2 0.52421875 0.75078125 0.02265625 0.08359375
2 0.66640625 0.6609375 0.015625 0.0734375
2 0.48828125 0.7609375 0.01875 0.07421875
2 0.17265625 0.63203125 0.02109375 0.065625
2 0.415625 0.653125 0.0171875 0.06484375
3 0.83359375 0.81796875 0.0234375 0.08828125
2 0.35625 0.52265625 0.01171875 0.0546875
3 0.353125 0.38046875 0.00625 0.02578125
0 0.40703125 0.78828125 0.0078125 0.01328125