2 0.68984375 0.425 0.01171875 0.05
2 0.48828125 0.36484375 0.00703125 0.0390625
2 0.44765625 0.54453125 0.01953125 0.0609375
2 0.70078125 0.45234375 0.0140625 0.04375
3 0.5578125 0.521875 0.01640625 0.0640625
2 0.80078125 0.65703125 0.02265625 0.0796875
2 0.71484375 0.46953125 0.01640625 0.05
2 0.7171875 0.64609375 0.03984375 0.0625
2 0.29453125 0.46640625 0.01171875 0.05625
2 0.49375 0.67578125 0.01953125 0.08828125
2 0.590625 0.6671875 0.01953125 0.08046875
2 0.3359375 0.5765625 0.0140625 0.0703125
2 0.4328125 0.66328125 0.01484375 0.08671875
2 0.19375 0.6625 0.01875 0.0953125
2 0.803125 0.76328125 0.01953125 0.096875
2 0.5359375 0.59296875 0.01953125 0.06875
2 0.7046875 0.7578125 0.021875 0.08828125
2 0.61015625 0.68203125 0.021875 0.08671875
2 0.47734375 0.70234375 0.01953125 0.09140625
2 0.4203125 0.54765625 0.0203125 0.07109375
2 0.5 0.86171875 0.02734375 0.109375
0 0.796875 0.659375 0.0078125 0.0140625
3 0.3953125 0.3265625 0.00625 0.0328125