2 0.5609375 0.40703125 0.009375 0.0265625
3 0.32421875 0.3671875 0.0078125 0.0265625
2 0.534375 0.41484375 0.01015625 0.03671875
2 0.58203125 0.4109375 0.00703125 0.03828125
2 0.49765625 0.39921875 0.00859375 0.03671875
2 0.559375 0.440625 0.009375 0.04921875
2 0.43046875 0.396875 0.00859375 0.03671875
2 0.703125 0.43125 0.00859375 0.04453125
1 0.00859375 0.45703125 0.00859375 0.053125
2 0.30390625 0.41640625 0.00859375 0.04453125
2 0.40703125 0.45625 0.01328125 0.046875
2 0.675 0.78828125 0.021875 0.09296875
2 0.5140625 0.57578125 0.01328125 0.06640625
2 0.4796875 0.4484375 0.00859375 0.04921875
2 0.91328125 0.63203125 0.015625 0.0703125
2 0.61640625 0.49296875 0.01640625 0.0546875
2 0.68203125 0.434375 0.01328125 0.04609375
3 0.5921875 0.4515625 0.01015625 0.05
2 0.8203125 0.50625 0.0171875 0.05703125
2 0.53125 0.528125 0.01171875 0.05703125
2 0.2171875 0.48046875 0.0109375 0.05703125
2 0.84921875 0.5515625 0.01328125 0.06640625
2 0.109375 0.65703125 0.02421875 0.08671875
0 0.55703125 0.409375 0.00390625 0.00703125