2 0.44765625 0.4 0.009375 0.03515625
2 0.496875 0.3828125 0.01328125 0.03671875
3 0.3328125 0.3578125 0.01015625 0.03359375
2 0.38046875 0.4140625 0.0109375 0.03515625
2 0.37109375 0.41328125 0.0140625 0.03671875
2 0.4109375 0.3734375 0.0109375 0.03359375
2 0.57109375 0.4 0.009375 0.0390625
2 0.590625 0.403125 0.01015625 0.03984375
2 0.675 0.4359375 0.01171875 0.046875
2 0.4546875 0.4203125 0.00859375 0.040625
2 0.69296875 0.43125 0.0125 0.04375
2 0.471875 0.42109375 0.01171875 0.04375
3 0.5640625 0.44140625 0.01484375 0.04921875
2 0.8 0.5375 0.01640625 0.06171875
2 0.55390625 0.4734375 0.01640625 0.0515625
2 0.88671875 0.61171875 0.01484375 0.0703125
2 0.4390625 0.53125 0.0109375 0.06015625
2 0.503125 0.478125 0.0109375 0.05546875
2 0.21875 0.46875 0.01640625 0.05546875
2 0.7234375 0.48828125 0.01171875 0.06015625
2 0.6875 0.75078125 0.025 0.08671875
2 0.16640625 0.60703125 0.01875 0.0765625
0 0.36640625 0.41875 0.0046875 0.01015625