2 0.6234375 0.3703125 0.01015625 0.03359375
2 0.63125 0.37421875 0.0078125 0.03125
2 0.440625 0.36328125 0.01015625 0.028125
2 0.41875 0.3625 0.01640625 0.03046875
2 0.5046875 0.3921875 0.0125 0.0375
2 0.3359375 0.38046875 0.0125 0.03359375
2 0.55234375 0.4484375 0.01328125 0.0515625
2 0.465625 0.38828125 0.0109375 0.040625
2 0.48984375 0.40546875 0.0109375 0.04140625
2 0.8375 0.60390625 0.01953125 0.06796875
1 0.0796875 0.40078125 0.00859375 0.04296875
2 0.76796875 0.47734375 0.01328125 0.053125
2 0.7328125 0.42109375 0.00859375 0.04453125
2 0.290625 0.42578125 0.01171875 0.04609375
2 0.70625 0.42421875 0.01328125 0.0453125
2 0.78984375 0.5296875 0.015625 0.06328125
2 0.38203125 0.48671875 0.0140625 0.0546875
2 0.228125 0.53515625 0.01640625 0.06640625
2 0.69375 0.740625 0.02421875 0.08671875
0 0.35625 0.38046875 0.0046875 0.00859375
3 0.3921875 0.346875 0.0078125 0.03515625
3 0.5546875 0.4296875 0.015625 0.04140625