0 0.7453125 0.57890625 0.009375 0.01484375
3 0.28125 0.19140625 0.0078125 0.04296875
2 0.321875 0.21875 0.01015625 0.053125
2 0.60625 0.28359375 0.0109375 0.05546875
2 0.34609375 0.28203125 0.0265625 0.06015625
2 0.66484375 0.27890625 0.01328125 0.05703125
2 0.24921875 0.2390625 0.0109375 0.0515625
2 0.1796875 0.31875 0.01796875 0.06640625
2 0.93125 0.50625 0.01953125 0.09609375
2 0.6453125 0.4734375 0.0140625 0.0859375
2 0.58203125 0.58515625 0.0203125 0.08671875
2 0.3421875 0.409375 0.01953125 0.0796875
2 0.33671875 0.3640625 0.01796875 0.071875
2 0.8421875 0.378125 0.01796875 0.0703125
2 0.57109375 0.490625 0.02109375 0.08984375
2 0.15625 0.3734375 0.0171875 0.071875
2 0.4859375 0.3390625 0.01640625 0.06796875
3 0.403125 0.4265625 0.02109375 0.0796875
2 0.63984375 0.3875 0.02421875 0.07109375
2 0.3 0.41484375 0.01640625 0.08125
2 0.096875 0.40625 0.02109375 0.08203125
2 0.64453125 0.5828125 0.03828125 0.09140625
2 0.1984375 0.46015625 0.0359375 0.0890625