0 0.875 0.6609375 0.00703125 0.0140625
1 0.89375 0.4296875 0.0109375 0.04453125
3 0.13125 0.36640625 0.00703125 0.03046875
2 0.315625 0.36953125 0.00546875 0.03046875
2 0.24375 0.38046875 0.01328125 0.03515625
2 0.69140625 0.428125 0.009375 0.04453125
2 0.51953125 0.378125 0.00703125 0.03203125
2 0.49921875 0.4109375 0.00859375 0.04140625
2 0.5765625 0.47265625 0.0109375 0.0453125
2 0.78359375 0.57578125 0.01171875 0.06875
2 0.1359375 0.484375 0.015625 0.0515625
2 0.34765625 0.43046875 0.01015625 0.0453125
2 0.6296875 0.45625 0.01015625 0.0484375
2 0.38828125 0.4484375 0.01015625 0.04609375
2 0.1609375 0.4515625 0.009375 0.04609375
2 0.90078125 0.56328125 0.02421875 0.06484375
2 0.43984375 0.53359375 0.01328125 0.05859375
3 0.43828125 0.48515625 0.01171875 0.05390625
2 0.66171875 0.69140625 0.0125 0.07109375
2 0.46015625 0.65546875 0.01328125 0.0703125
2 0.3625 0.5265625 0.0140625 0.05703125
2 0.09765625 0.52109375 0.0125 0.0609375
2 0.2484375 0.63984375 0.01796875 0.078125
2 0.86484375 0.72578125 0.01953125 0.08515625