3 0.21953125 0.36171875 0.00859375 0.0359375
1 0.9125 0.44140625 0.0140625 0.04296875
2 0.56171875 0.4265625 0.01171875 0.0390625
2 0.25546875 0.41796875 0.00859375 0.040625
2 0.69296875 0.46640625 0.01171875 0.04609375
2 0.21953125 0.63671875 0.01953125 0.0640625
2 0.91171875 0.58828125 0.02578125 0.06640625
2 0.3546875 0.403125 0.009375 0.03828125
2 0.54765625 0.45390625 0.01328125 0.0453125
2 0.459375 0.56640625 0.0171875 0.059375
2 0.23125 0.5015625 0.01875 0.0515625
3 0.4921875 0.48046875 0.01640625 0.04921875
2 0.66640625 0.48671875 0.01171875 0.0546875
2 0.83515625 0.63515625 0.015625 0.06484375
2 0.80625 0.66484375 0.0171875 0.07421875
2 0.58671875 0.5640625 0.01796875 0.06015625
2 0.32734375 0.496875 0.015625 0.046875
2 0.2359375 0.64453125 0.02109375 0.0640625
2 0.88671875 0.553125 0.015625 0.059375
2 0.52265625 0.6875 0.01875 0.07890625
2 0.34453125 0.64296875 0.01875 0.0734375
2 0.303125 0.56328125 0.0203125 0.06015625
0 0.10234375 0.5921875 0.01328125 0.02265625
2 0.5890625 0.54296875 0.0171875 0.0625