3 0.38359375 0.2390625 0.0125 0.06015625
2 0.74375 0.3953125 0.01875 0.08359375
2 0.75546875 0.403125 0.02265625 0.078125
2 0.4625 0.27734375 0.01640625 0.0640625
2 0.515625 0.3671875 0.01484375 0.06796875
2 0.4921875 0.396875 0.0203125 0.0796875
2 0.4265625 0.34375 0.02734375 0.071875
2 0.38203125 0.309375 0.0171875 0.07578125
2 0.8265625 0.3203125 0.02265625 0.0703125
2 0.7953125 0.32578125 0.02109375 0.06328125
2 0.60625 0.29140625 0.01484375 0.075
2 0.4375 0.4 0.02265625 0.08515625
2 0.2578125 0.35859375 0.01953125 0.08046875
2 0.28125 0.36875 0.01796875 0.08984375
2 0.31484375 0.43125 0.0171875 0.08984375
2 0.29609375 0.3234375 0.02109375 0.08046875
3 0.50390625 0.4359375 0.02109375 0.09921875
2 0.7390625 0.47265625 0.02265625 0.11171875
2 0.134375 0.459375 0.01953125 0.1015625
2 0.89921875 0.47421875 0.02578125 0.10625
2 0.221875 0.65859375 0.02421875 0.1234375
2 0.7453125 0.65546875 0.03828125 0.1234375
0 0.7484375 0.43671875 0.00703125 0.0140625