2 0.6859375 0.3859375 0.00859375 0.04140625
2 0.68125 0.32109375 0.00703125 0.04375
2 0.59453125 0.334375 0.0125 0.04453125
2 0.63984375 0.35078125 0.00859375 0.040625
2 0.725 0.33828125 0.00859375 0.04296875
3 0.02109375 0.26875 0.01015625 0.04140625
2 0.27109375 0.296875 0.00859375 0.04140625
2 0.71171875 0.35 0.01171875 0.0484375
2 0.74375 0.39140625 0.01015625 0.05
2 0.65234375 0.36328125 0.01015625 0.046875
2 0.5234375 0.31875 0.01171875 0.0390625
2 0.390625 0.446875 0.01015625 0.05859375
3 0.59296875 0.375 0.01015625 0.0515625
2 0.2546875 0.321875 0.0078125 0.04375
2 0.49765625 0.35546875 0.01015625 0.04609375
2 0.68046875 0.41328125 0.01484375 0.05390625
2 0.17890625 0.38203125 0.01171875 0.04921875
2 0.38046875 0.4515625 0.01171875 0.06015625
2 0.4578125 0.38203125 0.01015625 0.05
1 0.73125 0.29609375 0.01171875 0.046875
0 0.56328125 0.2984375 0.00546875 0.01015625
2 0.5828125 0.32890625 0.015625 0.04140625
2 0.60703125 0.29765625 0.01171875 0.03984375
2 0.61640625 0.30078125 0.01328125 0.0359375