2 0.4 0.30625 0.01015625 0.0390625
1 0.1484375 0.32578125 0.01015625 0.0390625
2 0.4078125 0.5109375 0.01875 0.0578125
2 0.803125 0.34140625 0.009375 0.0359375
2 0.2375 0.44296875 0.00859375 0.04921875
2 0.6859375 0.29921875 0.0078125 0.03203125
2 0.8125 0.35234375 0.0078125 0.04140625
2 0.70234375 0.40703125 0.01484375 0.04375
2 0.3328125 0.31953125 0.0078125 0.0390625
2 0.77734375 0.5953125 0.01328125 0.0609375
3 0.4953125 0.45 0.01796875 0.04296875
2 0.65078125 0.45546875 0.01015625 0.0546875
2 0.65 0.31640625 0.009375 0.03828125
2 0.440625 0.5109375 0.0109375 0.04921875
2 0.396875 0.384375 0.00859375 0.0453125
2 0.28828125 0.40703125 0.01015625 0.0484375
2 0.3453125 0.61171875 0.0140625 0.0640625
2 0.484375 0.49140625 0.01484375 0.04921875
2 0.8171875 0.465625 0.01484375 0.05390625
2 0.30078125 0.596875 0.03046875 0.05390625
2 0.22265625 0.47421875 0.01171875 0.05625
3 0.92734375 0.84921875 0.028125 0.08828125
3 0.42734375 0.20546875 0.00859375 0.03125
2 0.40390625 0.49921875 0.021875 0.05
0 0.4359375 0.54296875 0.0046875 0.01015625