2 0.35859375 0.25625 0.00703125 0.0265625
2 0.34609375 0.265625 0.0078125 0.02890625
2 0.4484375 0.31953125 0.00703125 0.0359375
2 0.453125 0.4734375 0.0109375 0.0453125
2 0.29375 0.315625 0.00703125 0.03359375
2 0.27578125 0.39140625 0.00859375 0.04296875
2 0.45234375 0.3609375 0.009375 0.03671875
1 0.81171875 0.321875 0.009375 0.03828125
2 0.32890625 0.28671875 0.00859375 0.03046875
2 0.8015625 0.37578125 0.00859375 0.0390625
2 0.5921875 0.303125 0.0078125 0.0359375
2 0.2828125 0.353125 0.00859375 0.03671875
2 0.6515625 0.265625 0.00703125 0.03125
2 0.28125 0.46796875 0.009375 0.04375
2 0.34296875 0.4140625 0.00859375 0.04453125
1 0.02265625 0.3890625 0.01484375 0.04296875
2 0.55703125 0.334375 0.00859375 0.034375
2 0.8359375 0.609375 0.01640625 0.0609375
3 0.3921875 0.365625 0.0078125 0.040625
2 0.30234375 0.63203125 0.015625 0.059375
2 0.63125 0.3703125 0.00703125 0.040625
0 0.7921875 0.39140625 0.0046875 0.01015625
2 0.503125 0.234375 0.00703125 0.02734375
2 0.43984375 0.2609375 0.00703125 0.0328125
3 0.3171875 0.23828125 0.0078125 0.02890625