2 0.55234375 0.1890625 0.009375 0.03125
2 0.59921875 0.18984375 0.00859375 0.040625
2 0.24765625 0.2265625 0.01015625 0.0453125
2 0.83125 0.3609375 0.02578125 0.0515625
2 0.6171875 0.2046875 0.0140625 0.04296875
2 0.48359375 0.1984375 0.0078125 0.04140625
2 0.446875 0.196875 0.00859375 0.0484375
2 0.39296875 0.23671875 0.00859375 0.04296875
2 0.5109375 0.24296875 0.01484375 0.03515625
2 0.26875 0.26875 0.0125 0.0484375
2 0.53984375 0.24140625 0.01875 0.0453125
2 0.46171875 0.22890625 0.01171875 0.04296875
2 0.79296875 0.315625 0.01328125 0.05703125
2 0.5734375 0.31640625 0.01171875 0.0515625
2 0.6375 0.40859375 0.0171875 0.0640625
2 0.84140625 0.37890625 0.02265625 0.06015625
2 0.35546875 0.3265625 0.01640625 0.05703125
2 0.19375 0.4390625 0.0203125 0.06640625
3 0.60703125 0.290625 0.01171875 0.053125
2 0.68828125 0.32421875 0.0140625 0.0546875
2 0.71875 0.690625 0.03359375 0.09375
0 0.4609375 0.24609375 0.00390625 0.0078125
3 0.246875 0.19140625 0.009375 0.04375