3 0.12890625 0.2984375 0.00859375 0.03359375
2 0.65859375 0.56875 0.01796875 0.0421875
2 0.6328125 0.375 0.0140625 0.040625
1 0.771875 0.34296875 0.01171875 0.0390625
2 0.54609375 0.36640625 0.0140625 0.04453125
2 0.62109375 0.37578125 0.00859375 0.04375
2 0.26015625 0.36328125 0.00859375 0.03984375
2 0.71484375 0.490625 0.01015625 0.046875
3 0.98984375 0.64609375 0.01953125 0.071875
2 0.671875 0.55703125 0.0203125 0.05859375
2 0.365625 0.41953125 0.01171875 0.04609375
2 0.58046875 0.346875 0.009375 0.0390625
3 0.53359375 0.396875 0.00859375 0.04609375
2 0.4328125 0.46953125 0.00859375 0.0515625
2 0.625 0.45859375 0.0203125 0.04453125
2 0.35 0.37421875 0.01171875 0.04375
2 0.44296875 0.55078125 0.01484375 0.059375
2 0.16484375 0.40078125 0.0125 0.04609375
2 0.18515625 0.409375 0.01015625 0.046875
2 0.47109375 0.40234375 0.01015625 0.04375
2 0.2203125 0.5265625 0.0109375 0.059375
2 0.746875 0.46796875 0.01484375 0.05078125
2 0.5625 0.50390625 0.01484375 0.05
2 0.27734375 0.53828125 0.01640625 0.05390625
0 0.6328125 0.553125 0.00703125 0.01171875