2 0.66484375 0.315625 0.01796875 0.05078125
3 0.065625 0.22734375 0.01171875 0.03984375
2 0.53125 0.25625 0.01484375 0.046875
0 0.57890625 0.30625 0.00703125 0.0109375
2 0.440625 0.22109375 0.0109375 0.03359375
2 0.49609375 0.284375 0.01640625 0.04765625
2 0.36953125 0.3109375 0.015625 0.05078125
2 0.521875 0.396875 0.01640625 0.05
2 0.259375 0.246875 0.00859375 0.04453125
1 0.87734375 0.28828125 0.01171875 0.05078125
2 0.22109375 0.24375 0.00859375 0.04140625
3 0.48203125 0.31328125 0.01171875 0.0484375
2 0.22578125 0.29921875 0.009375 0.0484375
2 0.46328125 0.23046875 0.01640625 0.0390625
2 0.540625 0.3046875 0.01484375 0.0484375
2 0.14765625 0.3265625 0.015625 0.04921875
2 0.06015625 0.2890625 0.01171875 0.0484375
2 0.42265625 0.34453125 0.01796875 0.04921875
2 0.675 0.3390625 0.0125 0.05703125
2 0.23203125 0.36640625 0.01328125 0.05703125
2 0.725 0.35390625 0.01328125 0.05546875
2 0.2984375 0.33046875 0.01953125 0.0453125
2 0.08359375 0.48203125 0.021875 0.065625
2 0.80234375 0.65 0.03046875 0.07421875