3 0.33828125 0.2390625 0.00859375 0.0296875
2 0.23359375 0.4046875 0.01015625 0.04453125
2 0.4203125 0.3015625 0.00703125 0.03046875
2 0.60078125 0.3140625 0.009375 0.03828125
2 0.66015625 0.35078125 0.0125 0.03828125
2 0.43203125 0.3625 0.009375 0.03828125
2 0.23359375 0.49453125 0.0125 0.04609375
2 0.67265625 0.290625 0.0078125 0.03125
2 0.621875 0.32421875 0.01328125 0.03359375
2 0.540625 0.290625 0.01015625 0.03359375
2 0.69375 0.33203125 0.00859375 0.03671875
2 0.42265625 0.3390625 0.0125 0.03671875
2 0.39296875 0.28125 0.01015625 0.03515625
2 0.79453125 0.36171875 0.01015625 0.04453125
3 0.6046875 0.36796875 0.00859375 0.0453125
2 0.696875 0.40625 0.01328125 0.04453125
2 0.47578125 0.48828125 0.01171875 0.06015625
2 0.22578125 0.45 0.01328125 0.05703125
2 0.27265625 0.325 0.01015625 0.040625
2 0.3578125 0.40390625 0.01015625 0.04609375
2 0.77578125 0.4546875 0.01015625 0.05546875
2 0.39609375 0.571875 0.01875 0.06171875