1 0.11875 0.36953125 0.01015625 0.0390625
2 0.46015625 0.7078125 0.02421875 0.06875
2 0.67109375 0.33125 0.00703125 0.034375
2 0.5125 0.5453125 0.01875 0.04765625
2 0.41953125 0.4265625 0.01328125 0.04140625
2 0.42734375 0.48046875 0.01328125 0.04609375
2 0.36875 0.34296875 0.0109375 0.03515625
2 0.50859375 0.29921875 0.00625 0.03046875
2 0.19296875 0.49765625 0.009375 0.046875
2 0.184375 0.59765625 0.01953125 0.04921875
2 0.6625 0.45390625 0.01171875 0.04921875
3 0.54140625 0.43671875 0.00859375 0.04140625
2 0.734375 0.353125 0.009375 0.03671875
2 0.59453125 0.39609375 0.01015625 0.040625
2 0.35703125 0.37734375 0.0078125 0.03828125
2 0.72265625 0.4171875 0.01484375 0.04140625
2 0.6734375 0.46875 0.01328125 0.03671875
2 0.596875 0.49296875 0.015625 0.034375
2 0.26640625 0.61328125 0.01796875 0.05546875
2 0.7734375 0.44375 0.01796875 0.04140625
2 0.52109375 0.6234375 0.025 0.05859375
3 0.86640625 0.840625 0.02578125 0.08125
2 0.1125 0.46953125 0.01328125 0.046875
3 0.35546875 0.25234375 0.0078125 0.02890625