2 0.58046875 0.2234375 0.009375 0.04140625
2 0.4953125 0.21015625 0.01015625 0.028125
2 0.390625 0.25703125 0.00703125 0.04375
2 0.478125 0.20859375 0.00859375 0.03671875
2 0.57109375 0.22265625 0.0078125 0.0390625
2 0.58671875 0.21484375 0.01484375 0.02734375
2 0.28828125 0.23203125 0.00703125 0.04453125
3 0.27265625 0.215625 0.00859375 0.03671875
2 0.26953125 0.28046875 0.00859375 0.04453125
2 0.4984375 0.26484375 0.0078125 0.04296875
2 0.453125 0.27578125 0.00859375 0.0453125
2 0.8234375 0.40703125 0.0125 0.059375
2 0.5765625 0.33203125 0.01171875 0.05
2 0.36015625 0.34453125 0.01015625 0.05390625
2 0.75703125 0.34375 0.01171875 0.05703125
2 0.21171875 0.47890625 0.01796875 0.06796875
2 0.79609375 0.384375 0.01171875 0.05859375
3 0.6328125 0.303125 0.0109375 0.05
2 0.6234375 0.4375 0.01640625 0.06015625
2 0.29609375 0.9671875 0.02265625 0.0640625
2 0.715625 0.415625 0.01484375 0.06171875
2 0.671875 0.7265625 0.02265625 0.084375
0 0.52109375 0.2203125 0.00546875 0.01015625
2 0.57265625 0.20703125 0.00703125 0.034375