2 0.6890625 0.38359375 0.0078125 0.04375
2 0.7390625 0.34609375 0.009375 0.04296875
2 0.84609375 0.41953125 0.01015625 0.0484375
2 0.6796875 0.31875 0.0078125 0.0390625
2 0.609375 0.30390625 0.01015625 0.040625
2 0.8375 0.42578125 0.01875 0.05
2 0.49609375 0.31796875 0.00859375 0.04140625
2 0.37578125 0.34375 0.01484375 0.046875
2 0.23515625 0.29453125 0.00859375 0.0390625
2 0.5890625 0.2890625 0.00859375 0.04296875
3 0.578125 0.36875 0.01015625 0.04453125
2 0.21328125 0.3109375 0.01171875 0.04140625
2 0.365625 0.36875 0.0109375 0.046875
2 0.31640625 0.44140625 0.01484375 0.05703125
2 0.68046875 0.425 0.01171875 0.05703125
2 0.13125 0.365625 0.01015625 0.046875
2 0.30234375 0.45546875 0.01640625 0.059375
1 0.7171875 0.2953125 0.0125 0.04375
2 0.6859375 0.3046875 0.01171875 0.0484375
2 0.6484375 0.325 0.0109375 0.046875
2 0.64765625 0.30390625 0.01015625 0.04609375
2 0.6140625 0.2875 0.01015625 0.04375