2 0.13671875 0.45078125 0.0109375 0.0390625
1 0.1359375 0.3375 0.01328125 0.0359375
2 0.353125 0.29921875 0.0078125 0.03046875
2 0.33203125 0.4015625 0.01171875 0.04453125
2 0.29765625 0.334375 0.01015625 0.03828125
2 0.17109375 0.4609375 0.01484375 0.046875
2 0.2734375 0.45546875 0.01796875 0.04609375
2 0.6671875 0.3140625 0.00859375 0.0359375
2 0.809375 0.3421875 0.00859375 0.04140625
2 0.37578125 0.3890625 0.01015625 0.04375
2 0.66484375 0.396875 0.00859375 0.03671875
2 0.56328125 0.490625 0.01484375 0.04140625
2 0.77421875 0.415625 0.01015625 0.04609375
2 0.34296875 0.44453125 0.009375 0.0453125
2 0.25390625 0.50703125 0.01484375 0.05
3 0.39140625 0.44609375 0.01171875 0.046875
2 0.79453125 0.5359375 0.0140625 0.05078125
2 0.82109375 0.3578125 0.01171875 0.04140625
2 0.25625 0.44765625 0.0171875 0.046875
2 0.80078125 0.459375 0.015625 0.05546875
2 0.5171875 0.53671875 0.01328125 0.059375
3 0.9125 0.859375 0.03046875 0.08359375
2 0.62734375 0.28671875 0.0109375 0.03046875
3 0.41328125 0.21328125 0.009375 0.0296875
0 0.33515625 0.515625 0.00703125 0.0140625