2 0.5875 0.3953125 0.01171875 0.03671875
2 0.30859375 0.34921875 0.01171875 0.021875
2 0.4875 0.33515625 0.00859375 0.03125
2 0.31171875 0.3875 0.00703125 0.034375
2 0.459375 0.3328125 0.01015625 0.03046875
2 0.58828125 0.42109375 0.01015625 0.04375
1 0.69296875 0.34921875 0.00703125 0.03359375
2 0.17734375 0.371875 0.00625 0.03203125
2 0.51953125 0.36171875 0.00703125 0.03515625
2 0.32421875 0.41953125 0.00859375 0.03671875
2 0.53203125 0.39375 0.00703125 0.0359375
2 0.2859375 0.3484375 0.00703125 0.0296875
2 0.403125 0.36328125 0.00859375 0.03203125
3 0.8421875 0.61640625 0.015625 0.06015625
2 0.45859375 0.47578125 0.00859375 0.04609375
2 0.1921875 0.40859375 0.009375 0.03828125
2 0.7265625 0.5578125 0.01484375 0.04921875
2 0.48359375 0.4640625 0.00859375 0.040625
2 0.17265625 0.50625 0.01171875 0.04921875
2 0.6015625 0.4859375 0.01171875 0.04453125
3 0.44921875 0.425 0.01171875 0.04140625
2 0.62578125 0.48125 0.009375 0.0484375
0 0.31953125 0.31484375 0.0046875 0.009375
2 0.171875 0.48984375 0.0109375 0.0484375
3 0.15546875 0.31640625 0.00859375 0.03125