2 0.4765625 0.34296875 0.00859375 0.04296875
1 0.75625 0.3390625 0.01171875 0.03828125
2 0.48125 0.3359375 0.00859375 0.03984375
3 0.1046875 0.2984375 0.0109375 0.03515625
2 0.125 0.3859375 0.00859375 0.04375
2 0.38828125 0.44609375 0.01328125 0.04140625
2 0.1609375 0.50859375 0.0109375 0.05546875
3 0.421875 0.39765625 0.009375 0.04375
2 0.53046875 0.38828125 0.01640625 0.0390625
2 0.284375 0.35390625 0.0078125 0.0359375
2 0.58984375 0.4109375 0.01640625 0.04296875
2 0.15 0.40390625 0.01171875 0.04453125
2 0.24453125 0.34921875 0.0078125 0.03984375
2 0.28515625 0.403125 0.009375 0.0390625
2 0.54140625 0.36640625 0.0125 0.04140625
2 0.57265625 0.465625 0.0078125 0.046875
2 0.659375 0.475 0.01015625 0.04453125
2 0.47421875 0.46796875 0.00859375 0.03984375
2 0.4890625 0.41640625 0.01171875 0.04296875
2 0.18671875 0.51875 0.01015625 0.04921875
2 0.75625 0.6140625 0.01328125 0.06171875
2 0.38046875 0.51796875 0.01015625 0.05859375
3 0.88203125 0.67890625 0.0171875 0.075
0 0.390625 0.46640625 0.00546875 0.009375
2 0.4171875 0.3984375 0.0109375 0.0421875