2 0.5046875 0.24921875 0.0078125 0.0265625
2 0.50234375 0.45078125 0.0078125 0.04453125
2 0.4921875 0.28828125 0.00703125 0.0265625
2 0.40859375 0.24453125 0.00703125 0.0265625
3 0.5328125 0.7390625 0.01640625 0.08125
2 0.59609375 0.2890625 0.00703125 0.0359375
2 0.390625 0.25625 0.0078125 0.02578125
2 0.55859375 0.30625 0.00859375 0.0359375
2 0.63359375 0.35859375 0.00703125 0.03828125
2 0.34375 0.3125 0.0078125 0.034375
1 0.89296875 0.334375 0.0109375 0.03671875
2 0.696875 0.27890625 0.0078125 0.03203125
2 0.315625 0.4359375 0.00859375 0.04375
3 0.421875 0.3484375 0.0078125 0.0390625
2 0.5484375 0.353125 0.0078125 0.0390625
2 0.31875 0.36953125 0.00859375 0.04140625
1 0.05546875 0.36640625 0.01171875 0.04375
2 0.39140625 0.39921875 0.00859375 0.04375
2 0.4796875 0.346875 0.00859375 0.03671875
2 0.328125 0.35390625 0.009375 0.03828125
2 0.840625 0.40234375 0.0078125 0.0453125
2 0.6265625 0.703125 0.0171875 0.06953125
2 0.36953125 0.5390625 0.01484375 0.05078125
3 0.365625 0.225 0.00859375 0.0359375
2 0.56328125 0.22890625 0.00859375 0.0359375
0 0.68828125 0.2953125 0.00390625 0.00859375