2 0.57109375 0.3296875 0.009375 0.0296875
2 0.32421875 0.37734375 0.0109375 0.04296875
2 0.17265625 0.49140625 0.01640625 0.05078125
2 0.66328125 0.340625 0.01015625 0.0359375
2 0.4859375 0.40078125 0.01953125 0.0359375
1 0.025 0.39921875 0.01171875 0.04296875
2 0.4125 0.3140625 0.00859375 0.0359375
2 0.59609375 0.421875 0.01015625 0.04609375
2 0.26171875 0.63828125 0.01171875 0.0546875
2 0.46171875 0.4296875 0.0109375 0.0390625
2 0.44453125 0.5375 0.01171875 0.053125
2 0.20546875 0.5015625 0.009375 0.05078125
2 0.31328125 0.3875 0.0125 0.0359375
2 0.72109375 0.4203125 0.00859375 0.04296875
3 0.48359375 0.44609375 0.01015625 0.04921875
2 0.68515625 0.64453125 0.01875 0.06640625
2 0.32109375 0.6125 0.01328125 0.0546875
2 0.68046875 0.46640625 0.0125 0.04609375
2 0.51015625 0.496875 0.0171875 0.05078125
2 0.70625 0.571875 0.01796875 0.06015625
3 0.9015625 0.790625 0.02265625 0.071875
3 0.31640625 0.2640625 0.00859375 0.028125
0 0.4796875 0.38984375 0.00390625 0.00703125
2 0.45859375 0.4171875 0.00859375 0.0359375
2 0.71953125 0.40703125 0.00859375 0.04140625
1 0.996875 0.40234375 0.00625 0.04140625