2 0.66796875 0.31640625 0.00859375 0.04453125
2 0.6578125 0.31328125 0.00703125 0.03515625
2 0.721875 0.35234375 0.00625 0.0375
2 0.6296875 0.3203125 0.00859375 0.03671875
2 0.5359375 0.278125 0.00859375 0.03203125
2 0.49296875 0.26484375 0.01171875 0.0296875
2 0.678125 0.36171875 0.009375 0.046875
2 0.60390625 0.3234375 0.01015625 0.034375
2 0.3390625 0.33515625 0.01015625 0.04296875
2 0.55546875 0.34375 0.01015625 0.04296875
3 0.03359375 0.3015625 0.01015625 0.0390625
3 0.5234375 0.33125 0.009375 0.04296875
2 0.1828125 0.38828125 0.01171875 0.05
2 0.38359375 0.46640625 0.0125 0.05703125
2 0.446875 0.384375 0.009375 0.046875
2 0.42265625 0.46953125 0.01015625 0.05546875
2 0.6046875 0.26640625 0.00859375 0.03359375
2 0.61171875 0.26953125 0.01015625 0.03125
2 0.68046875 0.35078125 0.01015625 0.03984375
1 0.72109375 0.31875 0.0078125 0.04296875
2 0.72421875 0.3421875 0.00703125 0.0390625
0 0.50078125 0.2734375 0.00390625 0.00703125
2 0.3375 0.31640625 0.0125 0.0390625