1 0.76953125 0.31171875 0.01015625 0.0296875
1 0.00625 0.403125 0.01171875 0.040625
2 0.28203125 0.365625 0.0078125 0.03828125
2 0.42890625 0.3171875 0.00625 0.0328125
2 0.3109375 0.2921875 0.00546875 0.02890625
2 0.2734375 0.3984375 0.00859375 0.04140625
2 0.45625 0.26953125 0.00703125 0.028125
2 0.5875 0.31484375 0.00703125 0.03515625
2 0.3234375 0.29375 0.00546875 0.0296875
2 0.25703125 0.5109375 0.00859375 0.0484375
2 0.6796875 0.26328125 0.0078125 0.02890625
2 0.5453125 0.37734375 0.00859375 0.03828125
2 0.81875 0.40078125 0.0140625 0.03984375
2 0.69609375 0.3609375 0.00859375 0.03828125
2 0.621875 0.38125 0.00859375 0.0390625
2 0.3296875 0.46640625 0.01171875 0.0484375
3 0.38203125 0.375 0.0078125 0.0390625
2 0.28359375 0.66328125 0.01484375 0.05625
2 0.6296875 0.61015625 0.01875 0.059375
2 0.5234375 0.5078125 0.01171875 0.05078125
3 0.30390625 0.2453125 0.01015625 0.03515625
2 0.284375 0.35078125 0.00703125 0.03828125
2 0.5484375 0.2359375 0.0078125 0.0296875
2 0.43125 0.3015625 0.0078125 0.034375
0 0.7625 0.32421875 0.00390625 0.00859375