2 0.4984375 0.30625 0.0140625 0.0453125
2 0.1984375 0.42890625 0.01484375 0.06015625
3 0.2515625 0.22421875 0.0125 0.04375
2 0.1984375 0.37734375 0.01484375 0.04921875
2 0.50859375 0.3265625 0.01328125 0.046875
0 0.621875 0.42421875 0.00625 0.01171875
2 0.35234375 0.253125 0.01328125 0.03828125
2 0.65078125 0.24921875 0.00859375 0.04609375
2 0.45390625 0.23671875 0.01484375 0.03984375
2 0.5296875 0.290625 0.0109375 0.0515625
2 0.6234375 0.25234375 0.01015625 0.0453125
3 0.453125 0.3390625 0.0140625 0.05390625
2 0.2421875 0.29609375 0.0140625 0.0515625
2 0.346875 0.30390625 0.0125 0.0546875
2 0.36171875 0.3359375 0.01328125 0.046875
2 0.6625 0.26953125 0.01171875 0.04921875
2 0.728125 0.31875 0.01328125 0.06015625
2 0.30859375 0.31796875 0.01484375 0.0546875
2 0.596875 0.3328125 0.0140625 0.053125
2 0.4171875 0.34375 0.01796875 0.05546875
2 0.7 0.4390625 0.02265625 0.06953125
2 0.2234375 0.525 0.01953125 0.071875
2 0.4390625 0.29765625 0.01484375 0.05234375