2 0.46484375 0.26875 0.01015625 0.02890625
2 0.65234375 0.2796875 0.0078125 0.0359375
2 0.8078125 0.29609375 0.009375 0.03984375
2 0.79140625 0.303125 0.0125 0.0453125
2 0.54453125 0.2890625 0.0109375 0.04375
2 0.5078125 0.2859375 0.00859375 0.040625
2 0.77421875 0.33203125 0.01484375 0.05390625
1 0.08125 0.315625 0.01015625 0.05
2 0.57109375 0.28046875 0.01328125 0.03671875
3 0.53984375 0.3390625 0.009375 0.05
2 0.81953125 0.3296875 0.01328125 0.05390625
2 0.4578125 0.3 0.01015625 0.0484375
2 0.6015625 0.33515625 0.0109375 0.04609375
2 0.371875 0.2984375 0.01171875 0.04296875
2 0.3203125 0.3015625 0.00859375 0.0453125
2 0.57109375 0.34375 0.0140625 0.053125
2 0.84921875 0.38828125 0.01328125 0.06171875
2 0.28125 0.346875 0.01484375 0.05
2 0.73125 0.4375 0.01328125 0.0640625
2 0.25859375 0.40078125 0.01796875 0.05625
2 0.4859375 0.3484375 0.01015625 0.0546875
3 0.38828125 0.2453125 0.0109375 0.0375
0 0.4515625 0.28359375 0.0046875 0.00859375
2 0.65546875 0.27734375 0.00859375 0.03671875