3 0.30625 0.26484375 0.0109375 0.0375
0 0.3609375 0.60625 0.00546875 0.01171875
2 0.38359375 0.29921875 0.009375 0.03984375
2 0.6703125 0.3265625 0.01015625 0.0484375
2 0.459375 0.3328125 0.01015625 0.046875
2 0.640625 0.30234375 0.0125 0.04375
3 0.990625 0.8109375 0.01875 0.09375
2 0.49609375 0.33828125 0.0125 0.05078125
3 0.571875 0.40546875 0.01015625 0.05546875
2 0.84296875 0.68828125 0.01484375 0.09609375
2 0.69765625 0.36640625 0.0140625 0.05
2 0.68515625 0.37890625 0.0140625 0.05703125
2 0.73828125 0.39765625 0.015625 0.06171875
2 0.62890625 0.51015625 0.01484375 0.059375
2 0.6109375 0.45234375 0.01640625 0.065625
2 0.25078125 0.346875 0.01328125 0.05390625
2 0.553125 0.41015625 0.01640625 0.06484375
2 0.7859375 0.4890625 0.01484375 0.071875
2 0.48515625 0.628125 0.0171875 0.08984375
2 0.08828125 0.55546875 0.01953125 0.07890625
2 0.796875 0.77890625 0.02734375 0.10703125
2 0.3515625 0.684375 0.02265625 0.0890625
2 0.33515625 0.4765625 0.01640625 0.0703125
2 0.29375 0.4390625 0.01328125 0.0609375