2 0.459375 0.4796875 0.0328125 0.05859375
2 0.40390625 0.30078125 0.0109375 0.046875
1 0.00546875 0.33046875 0.0109375 0.05625
2 0.4765625 0.33515625 0.0140625 0.04453125
2 0.72109375 0.4609375 0.01484375 0.06640625
2 0.5875 0.41171875 0.01328125 0.06328125
2 0.7671875 0.34453125 0.01171875 0.05703125
3 0.44453125 0.4171875 0.01015625 0.06015625
2 0.48203125 0.45625 0.0140625 0.06953125
2 0.4921875 0.35078125 0.01796875 0.05
2 0.7953125 0.36796875 0.01484375 0.06328125
2 0.73203125 0.4703125 0.0125 0.078125
2 0.56640625 0.37734375 0.01484375 0.06015625
2 0.8234375 0.37890625 0.01484375 0.06328125
2 0.23828125 0.35390625 0.01484375 0.05859375
2 0.5015625 0.4859375 0.01640625 0.06328125
2 0.353125 0.41328125 0.021875 0.05
2 0.29609375 0.5203125 0.0140625 0.08125
2 0.1875 0.42421875 0.01640625 0.06640625
2 0.1046875 0.3796875 0.0203125 0.06328125
2 0.58359375 0.52734375 0.01953125 0.075
0 0.43359375 0.43671875 0.00625 0.01328125
2 0.4625 0.475 0.0171875 0.06328125
3 0.39765625 0.21796875 0.01171875 0.0390625