3 0.2171875 0.2296875 0.009375 0.04609375
2 0.3375 0.28359375 0.01796875 0.040625
2 0.3078125 0.28046875 0.01328125 0.04453125
2 0.4609375 0.2328125 0.01171875 0.04140625
2 0.59921875 0.24375 0.009375 0.0453125
2 0.3625 0.23984375 0.015625 0.0390625
2 0.54609375 0.26875 0.01328125 0.0484375
2 0.62421875 0.24375 0.01328125 0.04296875
2 0.76953125 0.4015625 0.01796875 0.06171875
2 0.35546875 0.28046875 0.01171875 0.0484375
2 0.67265625 0.296875 0.009375 0.05625
2 0.58046875 0.259375 0.01015625 0.05
3 0.41953125 0.3203125 0.01328125 0.05625
2 0.328125 0.31484375 0.01484375 0.05
2 0.5203125 0.28515625 0.0140625 0.05
2 0.17890625 0.37734375 0.02109375 0.05625
2 0.45625 0.303125 0.01484375 0.05390625
2 0.4375 0.3140625 0.01328125 0.05390625
2 0.27421875 0.428125 0.025 0.06875
2 0.25078125 0.44375 0.02265625 0.06640625
2 0.3203125 0.2765625 0.01640625 0.04140625
2 0.33046875 0.265625 0.01171875 0.04140625