2 0.68046875 0.3375 0.01171875 0.03984375
2 0.421875 0.29453125 0.01015625 0.03828125
2 0.65234375 0.38984375 0.01484375 0.0515625
2 0.6546875 0.309375 0.0109375 0.0359375
2 0.69375 0.36640625 0.0171875 0.0515625
0 0.26015625 0.58046875 0.00703125 0.01171875
2 0.815625 0.4125 0.01484375 0.05859375
2 0.48046875 0.321875 0.01328125 0.04453125
2 0.53125 0.33828125 0.00703125 0.046875
3 0.57578125 0.38984375 0.009375 0.0515625
2 0.80703125 0.44140625 0.01171875 0.05625
2 0.84296875 0.4984375 0.021875 0.05859375
2 0.6609375 0.471875 0.01171875 0.059375
2 0.6109375 0.259375 0.00703125 0.03515625
2 0.31953125 0.34609375 0.0109375 0.05
2 0.51796875 0.47578125 0.01484375 0.06875
2 0.46640625 0.48828125 0.01640625 0.06171875
1 0.9734375 0.3421875 0.01953125 0.04921875
2 0.16953125 0.52109375 0.01875 0.06796875
2 0.53984375 0.55390625 0.0140625 0.0796875
2 0.77734375 0.465625 0.009375 0.06328125
2 0.4296875 0.62578125 0.01953125 0.08359375
3 0.30390625 0.25390625 0.00859375 0.0359375