3 0.440625 0.22890625 0.0078125 0.03515625
2 0.8796875 0.31640625 0.01015625 0.03984375
2 0.75546875 0.2609375 0.01171875 0.03515625
2 0.890625 0.3484375 0.01328125 0.053125
2 0.89609375 0.3203125 0.0125 0.04296875
2 0.5453125 0.26015625 0.01015625 0.03671875
2 0.78515625 0.28359375 0.01484375 0.04140625
2 0.684375 0.31484375 0.0140625 0.05
2 0.62734375 0.29375 0.009375 0.046875
2 0.74140625 0.34140625 0.01171875 0.0484375
2 0.61484375 0.29453125 0.0125 0.04609375
3 0.70703125 0.33984375 0.01171875 0.05
2 0.46640625 0.33359375 0.01171875 0.05078125
2 0.4828125 0.30234375 0.00859375 0.0453125
2 0.86953125 0.43203125 0.0140625 0.06796875
2 0.3703125 0.303125 0.01015625 0.04609375
2 0.57421875 0.4171875 0.01640625 0.05625
1 0.096875 0.3234375 0.01328125 0.0515625
2 0.7125 0.39609375 0.01640625 0.05625
2 0.27421875 0.41640625 0.01953125 0.05703125
2 0.83828125 0.49296875 0.028125 0.0703125
2 0.80078125 0.459375 0.02265625 0.06875
2 0.4203125 0.603125 0.02578125 0.096875
0 0.28125 0.44375 0.00625 0.0109375