2 0.55234375 0.284375 0.0109375 0.03984375
3 0.5875 0.32109375 0.01328125 0.04609375
2 0.74453125 0.296875 0.0125 0.0390625
2 0.62890625 0.2640625 0.01171875 0.03203125
2 0.43359375 0.27578125 0.00859375 0.03984375
2 0.64765625 0.328125 0.00859375 0.03984375
2 0.465625 0.25625 0.009375 0.03515625
2 0.684375 0.3015625 0.01015625 0.04140625
2 0.4390625 0.3015625 0.0140625 0.03828125
2 0.50078125 0.271875 0.01171875 0.03671875
2 0.5203125 0.2796875 0.01015625 0.040625
2 0.78359375 0.309375 0.015625 0.0484375
1 0.12265625 0.3015625 0.01015625 0.04453125
3 0.99140625 0.828125 0.0171875 0.1
2 0.81484375 0.31328125 0.01171875 0.04921875
2 0.27265625 0.29140625 0.01015625 0.04453125
2 0.8203125 0.35859375 0.01171875 0.05078125
2 0.51796875 0.353125 0.00859375 0.053125
2 0.26875 0.35078125 0.01328125 0.05078125
2 0.5921875 0.3765625 0.0140625 0.05703125
2 0.65 0.39765625 0.01484375 0.04921875
2 0.32421875 0.45234375 0.01328125 0.065625
3 0.36484375 0.2359375 0.009375 0.0359375
0 0.43359375 0.3171875 0.00546875 0.01171875
2 0.646875 0.27109375 0.01015625 0.03984375