2 0.44453125 0.2625 0.015625 0.04296875
0 0.26953125 0.62890625 0.01015625 0.0140625
2 0.74296875 0.26953125 0.01015625 0.04296875
2 0.41484375 0.26875 0.0140625 0.0390625
3 0.46171875 0.37578125 0.0203125 0.059375
2 0.340625 0.3375 0.02421875 0.05078125
2 0.24921875 0.446875 0.02734375 0.06171875
2 0.38828125 0.32578125 0.01953125 0.0546875
2 0.7734375 0.2984375 0.01328125 0.04921875
2 0.7 0.3359375 0.01015625 0.053125
2 0.3765625 0.3890625 0.01796875 0.0515625
2 0.36171875 0.36875 0.01640625 0.06015625
2 0.709375 0.27890625 0.0140625 0.04609375
2 0.52890625 0.31484375 0.01484375 0.05
2 0.246875 0.49375 0.02890625 0.071875
2 0.50234375 0.4234375 0.01953125 0.06875
2 0.3921875 0.3890625 0.01953125 0.06015625
2 0.63359375 0.39375 0.02109375 0.06796875
2 0.28359375 0.35859375 0.02109375 0.05703125
2 0.80546875 0.37578125 0.01484375 0.06484375
2 0.5703125 0.49140625 0.01328125 0.0640625
2 0.21953125 0.6921875 0.04609375 0.0953125
3 0.38125 0.22578125 0.015625 0.03984375