0 0.2078125 0.51953125 0.00546875 0.0109375
2 0.646875 0.296875 0.00859375 0.04375
3 0.28671875 0.25859375 0.01171875 0.03515625
2 0.6421875 0.25703125 0.0078125 0.040625
2 0.54609375 0.32265625 0.009375 0.053125
2 0.7890625 0.496875 0.01015625 0.0734375
2 0.5515625 0.334375 0.0078125 0.05
2 0.446875 0.2796875 0.01015625 0.04453125
2 0.69375 0.33984375 0.00859375 0.05390625
2 0.63046875 0.36171875 0.0109375 0.05390625
2 0.609375 0.371875 0.01171875 0.05859375
2 0.66875 0.3625 0.0109375 0.06171875
2 0.1734375 0.496875 0.02890625 0.065625
3 0.58671875 0.4046875 0.01171875 0.0609375
2 0.75703125 0.44140625 0.01484375 0.06640625
2 0.43125 0.45546875 0.0125 0.07109375
2 0.309375 0.34609375 0.01328125 0.05546875
2 0.6265625 0.45625 0.0140625 0.0640625
2 0.78125 0.5078125 0.0140625 0.075
2 0.8046875 0.4296875 0.015625 0.0703125
2 0.50234375 0.43828125 0.01328125 0.07109375
2 0.54375 0.540625 0.01484375 0.0859375
2 0.29453125 0.72578125 0.025 0.10703125