2 0.51484375 0.25859375 0.0078125 0.0359375
2 0.52265625 0.28359375 0.0078125 0.03828125
2 0.578125 0.27109375 0.0109375 0.0390625
2 0.5984375 0.27421875 0.01015625 0.0359375
2 0.375 0.3015625 0.00859375 0.04375
2 0.54765625 0.24453125 0.01015625 0.034375
2 0.3375 0.26796875 0.00859375 0.0390625
2 0.6171875 0.2984375 0.01015625 0.0453125
2 0.53828125 0.3234375 0.00859375 0.03828125
3 0.553125 0.30390625 0.009375 0.04453125
2 0.38671875 0.32578125 0.00859375 0.0453125
2 0.52578125 0.36875 0.01015625 0.05
2 0.203125 0.31328125 0.01328125 0.04453125
2 0.34375 0.36171875 0.01328125 0.05
2 0.70078125 0.3171875 0.01484375 0.046875
1 0.915625 0.31171875 0.0109375 0.046875
2 0.66796875 0.3375 0.01484375 0.04921875
2 0.9015625 0.578125 0.01328125 0.0859375
2 0.7546875 0.45 0.01640625 0.05546875
2 0.446875 0.5328125 0.015625 0.09140625
2 0.21015625 0.434375 0.01484375 0.0609375
3 0.24453125 0.246875 0.0109375 0.03515625
0 0.2734375 0.30625 0.0046875 0.009375
2 0.38046875 0.27109375 0.009375 0.03984375