2 0.78515625 0.2984375 0.01015625 0.04296875
3 0.3828125 0.25703125 0.0078125 0.03671875
2 0.7875 0.33359375 0.01015625 0.0453125
1 0.15 0.35546875 0.0109375 0.0484375
2 0.365625 0.290625 0.01015625 0.0359375
2 0.74609375 0.31640625 0.01015625 0.04140625
2 0.5421875 0.3109375 0.00859375 0.04375
2 0.365625 0.32578125 0.00859375 0.04609375
2 0.5578125 0.3328125 0.01171875 0.046875
2 0.50390625 0.27578125 0.00703125 0.03671875
2 0.51796875 0.29453125 0.01015625 0.04140625
2 0.64921875 0.41328125 0.009375 0.053125
2 0.84921875 0.4109375 0.0125 0.05859375
2 0.8390625 0.37890625 0.0125 0.059375
3 0.61953125 0.36875 0.0109375 0.05078125
2 0.82578125 0.3828125 0.01484375 0.06015625
2 0.696875 0.378125 0.01171875 0.05546875
2 0.134375 0.4375 0.0109375 0.065625
2 0.43359375 0.359375 0.01015625 0.0515625
2 0.86953125 0.56328125 0.0265625 0.0796875
2 0.4671875 0.40859375 0.01015625 0.059375
2 0.9125 0.81796875 0.02109375 0.11484375
3 0.96953125 0.871875 0.02734375 0.12890625
2 0.38515625 0.60390625 0.01953125 0.08828125
0 0.14921875 0.3921875 0.00625 0.01171875