1 0.140625 0.3984375 0.0109375 0.03828125
2 0.75625 0.3890625 0.0109375 0.04375
0 0.25234375 0.590625 0.00625 0.009375
2 0.31875 0.35859375 0.009375 0.03671875
2 0.4390625 0.41640625 0.0109375 0.04453125
2 0.61328125 0.371875 0.00859375 0.03828125
2 0.83515625 0.4734375 0.01328125 0.053125
2 0.3640625 0.38828125 0.01015625 0.04453125
3 0.5625 0.4265625 0.01015625 0.04296875
2 0.67890625 0.43984375 0.009375 0.05
2 0.37109375 0.4890625 0.015625 0.053125
2 0.53359375 0.38671875 0.00859375 0.04140625
2 0.77265625 0.48046875 0.0125 0.05625
2 0.86484375 0.534375 0.0125 0.0640625
2 0.43828125 0.534375 0.01640625 0.05546875
2 0.71796875 0.61328125 0.01796875 0.06953125
2 0.21171875 0.5453125 0.01328125 0.05703125
2 0.84453125 0.49609375 0.015625 0.05859375
2 0.590625 0.52421875 0.01171875 0.0609375
2 0.621875 0.590625 0.0109375 0.06953125
2 0.37890625 0.6203125 0.01640625 0.0703125
2 0.33671875 0.64375 0.015625 0.0703125
3 0.9515625 0.76640625 0.0296875 0.08984375
2 0.52109375 0.31640625 0.009375 0.03046875
3 0.4171875 0.29921875 0.0078125 0.02734375