2 0.2625 0.30390625 0.00859375 0.0390625
2 0.55546875 0.30546875 0.01015625 0.0390625
3 0.89296875 0.61328125 0.021875 0.0796875
2 0.52421875 0.284375 0.00859375 0.03828125
2 0.6234375 0.34375 0.01015625 0.0484375
2 0.396875 0.34765625 0.01015625 0.04140625
2 0.85234375 0.32890625 0.01171875 0.046875
3 0.4890625 0.384375 0.01015625 0.05
2 0.42890625 0.34609375 0.01015625 0.04609375
2 0.31328125 0.4734375 0.01171875 0.065625
2 0.559375 0.3828125 0.01640625 0.053125
2 0.4796875 0.49921875 0.01328125 0.06640625
2 0.6171875 0.37578125 0.01171875 0.05390625
2 0.74453125 0.51953125 0.01640625 0.0703125
2 0.62890625 0.5 0.02109375 0.05390625
2 0.4140625 0.54375 0.02578125 0.06640625
2 0.18046875 0.3828125 0.01171875 0.053125
2 0.7265625 0.52734375 0.01328125 0.075
2 0.59296875 0.509375 0.01171875 0.06875
2 0.4390625 0.53203125 0.01171875 0.065625
2 0.68828125 0.40703125 0.01484375 0.05546875
2 0.5578125 0.5390625 0.0203125 0.0703125
2 0.15078125 0.5265625 0.02421875 0.07421875
0 0.6390625 0.28046875 0.0078125 0.0125
3 0.2140625 0.25859375 0.0078125 0.0328125