2 0.55546875 0.28515625 0.0125 0.03046875
2 0.546875 0.3 0.009375 0.03359375
2 0.70390625 0.3109375 0.00859375 0.03828125
1 0.9578125 0.34453125 0.0109375 0.0359375
2 0.73203125 0.36875 0.01171875 0.03984375
2 0.69765625 0.35078125 0.0109375 0.04375
2 0.72109375 0.32578125 0.009375 0.04296875
3 0.58984375 0.32890625 0.0078125 0.04140625
2 0.60703125 0.34453125 0.0125 0.04453125
2 0.46484375 0.359375 0.00859375 0.04609375
2 0.43046875 0.31328125 0.01328125 0.0359375
2 0.328125 0.36640625 0.01015625 0.05078125
2 0.80703125 0.3875 0.009375 0.046875
2 0.7640625 0.35078125 0.00859375 0.0484375
2 0.6265625 0.37578125 0.01015625 0.04921875
2 0.27890625 0.4015625 0.01328125 0.05703125
2 0.365625 0.4375 0.01171875 0.05625
2 0.3015625 0.44765625 0.0109375 0.05625
2 0.7890625 0.45625 0.01328125 0.05703125
2 0.5640625 0.4125 0.0125 0.053125
2 0.64296875 0.50546875 0.01796875 0.0609375
2 0.36484375 0.75703125 0.02265625 0.10078125
2 0.3359375 0.765625 0.02109375 0.103125
3 0.3 0.278125 0.009375 0.040625
2 0.69609375 0.321875 0.0109375 0.03828125