2 0.446875 0.284375 0.0109375 0.0359375
2 0.5671875 0.3453125 0.01015625 0.05
2 0.58828125 0.284375 0.009375 0.03984375
2 0.6046875 0.2984375 0.00859375 0.04140625
2 0.6453125 0.33203125 0.00859375 0.04609375
2 0.72265625 0.39609375 0.0125 0.06640625
2 0.52421875 0.39140625 0.01015625 0.05078125
2 0.99453125 0.353125 0.01015625 0.05625
2 0.51640625 0.3265625 0.009375 0.046875
2 0.31484375 0.34375 0.01171875 0.04609375
2 0.55546875 0.3265625 0.009375 0.05
2 0.425 0.43359375 0.01484375 0.0640625
2 0.7265625 0.40546875 0.01328125 0.059375
2 0.684375 0.35390625 0.01484375 0.0546875
2 0.45078125 0.3921875 0.01328125 0.05859375
2 0.50703125 0.596875 0.01875 0.090625
2 0.2109375 0.4984375 0.02265625 0.075
2 0.63671875 0.428125 0.0140625 0.0640625
2 0.5875 0.46328125 0.01328125 0.0640625
2 0.8640625 0.69296875 0.02265625 0.0953125
2 0.79453125 0.4984375 0.0140625 0.06953125
3 0.56796875 0.35625 0.01015625 0.053125
0 0.38046875 0.3390625 0.00546875 0.01015625
3 0.28359375 0.26953125 0.0125 0.0390625