2 0.4421875 0.2703125 0.009375 0.0390625
2 0.521875 0.284375 0.00859375 0.04140625
2 0.57421875 0.3 0.01015625 0.0484375
2 0.29921875 0.321875 0.01328125 0.0515625
3 0.50859375 0.30078125 0.0109375 0.04609375
2 0.2921875 0.275 0.0109375 0.04609375
2 0.53984375 0.34140625 0.009375 0.046875
2 0.45390625 0.29375 0.009375 0.0515625
2 0.33984375 0.28046875 0.01015625 0.040625
2 0.65078125 0.34375 0.00859375 0.05546875
2 0.63984375 0.340625 0.0125 0.05546875
1 0.88828125 0.328125 0.00859375 0.05546875
2 0.5296875 0.390625 0.01484375 0.0609375
2 0.184375 0.340625 0.01015625 0.05625
2 0.3640625 0.35703125 0.01171875 0.05625
2 0.47421875 0.5109375 0.0171875 0.0796875
2 0.59453125 0.36171875 0.01171875 0.059375
2 0.2328125 0.44921875 0.01484375 0.07109375
2 0.70703125 0.40703125 0.0125 0.06328125
2 0.84453125 0.653125 0.02578125 0.09453125
0 0.2890625 0.31015625 0.00546875 0.01171875
2 0.50625 0.28828125 0.01171875 0.0515625
2 0.446875 0.26171875 0.0109375 0.03828125
3 0.16640625 0.26875 0.00859375 0.0453125