2 0.33203125 0.26328125 0.01015625 0.034375
2 0.559375 0.2703125 0.01015625 0.03515625
2 0.55234375 0.31328125 0.00859375 0.040625
2 0.50625 0.28359375 0.00859375 0.04296875
2 0.5203125 0.36875 0.01015625 0.04140625
2 0.30390625 0.33046875 0.01015625 0.03984375
2 0.4234375 0.284375 0.00859375 0.04296875
2 0.49375 0.30703125 0.01171875 0.046875
2 0.565625 0.2546875 0.00703125 0.03515625
2 0.603125 0.2875 0.00859375 0.03984375
2 0.38125 0.3875 0.01171875 0.0453125
2 0.35859375 0.35546875 0.00859375 0.05078125
1 0.92578125 0.321875 0.01328125 0.04921875
2 0.63828125 0.3171875 0.01171875 0.0453125
2 0.684375 0.32421875 0.0109375 0.05078125
2 0.53671875 0.41640625 0.00859375 0.06015625
2 0.25546875 0.33359375 0.01328125 0.05
2 0.64140625 0.38671875 0.01328125 0.05703125
2 0.73046875 0.4765625 0.015625 0.06484375
2 0.18125 0.45390625 0.01328125 0.06640625
2 0.875 0.6171875 0.01640625 0.09140625
3 0.9046875 0.684375 0.02265625 0.09609375
2 0.3984375 0.60234375 0.02109375 0.08828125
0 0.2609375 0.3546875 0.0046875 0.009375
3 0.28125 0.24140625 0.00859375 0.03828125