2 0.58046875 0.246875 0.00859375 0.0390625
2 0.71328125 0.3359375 0.01640625 0.05078125
2 0.65703125 0.290625 0.01015625 0.04375
2 0.3515625 0.28671875 0.01015625 0.04296875
2 0.31796875 0.359375 0.0125 0.05
3 0.56015625 0.35390625 0.01484375 0.05390625
2 0.45390625 0.30703125 0.0109375 0.04921875
2 0.7359375 0.36640625 0.015625 0.05625
2 0.70078125 0.34921875 0.015625 0.05546875
2 0.5765625 0.35078125 0.01015625 0.0515625
2 0.4921875 0.3140625 0.0171875 0.046875
2 0.60078125 0.36875 0.01484375 0.05546875
2 0.66484375 0.4546875 0.02890625 0.0515625
2 0.75234375 0.5234375 0.01484375 0.06953125
2 0.796875 0.4796875 0.01640625 0.0703125
2 0.33046875 0.42109375 0.0140625 0.06171875
2 0.5234375 0.55078125 0.02265625 0.06640625
2 0.221875 0.3328125 0.01484375 0.0546875
2 0.83046875 0.5421875 0.0203125 0.0734375
2 0.44140625 0.60078125 0.0234375 0.08515625
2 0.13359375 0.515625 0.01796875 0.075
3 0.27890625 0.23828125 0.0109375 0.0390625
0 0.4296875 0.60703125 0.009375 0.0171875