2 0.8 0.384375 0.00859375 0.0390625
2 0.35703125 0.34375 0.00703125 0.03359375
2 0.3875 0.3765625 0.01171875 0.03984375
2 0.82890625 0.44921875 0.0125 0.0484375
3 0.56328125 0.41171875 0.009375 0.0453125
2 0.503125 0.38671875 0.00859375 0.040625
2 0.68046875 0.3984375 0.00859375 0.04140625
2 0.85625 0.51171875 0.01484375 0.06171875
2 0.5421875 0.3640625 0.0078125 0.0390625
2 0.8046875 0.446875 0.01015625 0.04609375
2 0.40546875 0.48828125 0.01171875 0.04921875
2 0.64609375 0.365625 0.00703125 0.03828125
2 0.2046875 0.471875 0.01328125 0.0515625
2 0.8375 0.5171875 0.01796875 0.06015625
2 0.60390625 0.46875 0.01328125 0.053125
2 0.43203125 0.43515625 0.00859375 0.04609375
2 0.31640625 0.634375 0.0171875 0.06796875
2 0.36484375 0.51953125 0.01953125 0.05546875
3 0.90703125 0.77109375 0.02890625 0.09375
2 0.71640625 0.57578125 0.01328125 0.065625
2 0.63671875 0.54921875 0.00859375 0.06484375
1 0.2015625 0.3828125 0.0109375 0.04296875
0 0.20859375 0.4953125 0.0046875 0.009375
3 0.4359375 0.296875 0.00703125 0.02734375
2 0.54765625 0.31484375 0.00859375 0.03046875