2 0.5625 0.4296875 0.01015625 0.04296875
2 0.55859375 0.3234375 0.01171875 0.040625
2 0.63984375 0.35625 0.01015625 0.0453125
2 0.53203125 0.29296875 0.01015625 0.03828125
1 0.87265625 0.32578125 0.01171875 0.04453125
2 0.53671875 0.40078125 0.015625 0.05625
2 0.646875 0.43359375 0.01640625 0.0515625
2 0.6484375 0.38125 0.0125 0.05703125
3 0.475 0.3953125 0.01328125 0.04609375
2 0.26015625 0.3265625 0.0125 0.0453125
2 0.43828125 0.37109375 0.01171875 0.0515625
2 0.565625 0.46875 0.0140625 0.0546875
2 0.40390625 0.3734375 0.01796875 0.04921875
2 0.65859375 0.44296875 0.01015625 0.06015625
2 0.68046875 0.4 0.01640625 0.05546875
2 0.471875 0.45703125 0.015625 0.05546875
2 0.5625 0.52578125 0.01640625 0.0640625
2 0.4578125 0.50078125 0.01328125 0.05546875
3 0.88046875 0.61875 0.02109375 0.08046875
2 0.23984375 0.396875 0.015625 0.05390625
2 0.36640625 0.540625 0.0171875 0.0703125
2 0.32578125 0.5265625 0.0265625 0.065625
2 0.1734375 0.5109375 0.02265625 0.06640625
3 0.25546875 0.25703125 0.009375 0.03046875
0 0.35078125 0.5578125 0.0078125 0.01484375