3 0.34140625 0.25234375 0.01015625 0.046875
2 0.44765625 0.26640625 0.0125 0.04140625
2 0.8421875 0.3515625 0.00859375 0.059375
2 0.8109375 0.3234375 0.009375 0.053125
2 0.7015625 0.3015625 0.01015625 0.046875
2 0.83984375 0.3140625 0.01328125 0.05
2 0.515625 0.30625 0.00859375 0.05078125
2 0.47421875 0.28359375 0.01171875 0.04453125
2 0.303125 0.2859375 0.0078125 0.05
2 0.88984375 0.57578125 0.01875 0.09296875
2 0.375 0.34140625 0.01484375 0.05859375
2 0.84921875 0.3984375 0.01171875 0.06640625
2 0.7328125 0.38203125 0.01640625 0.0640625
2 0.57265625 0.31796875 0.01015625 0.0515625
2 0.825 0.353125 0.01328125 0.06875
1 0.0453125 0.353125 0.015625 0.0609375
2 0.6578125 0.3953125 0.0140625 0.05546875
2 0.390625 0.37421875 0.01328125 0.0609375
3 0.67421875 0.359375 0.01484375 0.05703125
2 0.378125 0.40625 0.01328125 0.06640625
2 0.0921875 0.41796875 0.021875 0.06796875
3 0.9828125 0.94453125 0.0296875 0.109375
2 0.184375 0.684375 0.03046875 0.1046875
2 0.81796875 0.73828125 0.02421875 0.1140625
0 0.43046875 0.28515625 0.0046875 0.01015625