2 0.83828125 0.409375 0.01875 0.06484375
1 0.0046875 0.33359375 0.009375 0.0546875
2 0.42734375 0.28359375 0.0140625 0.03828125
2 0.809375 0.4265625 0.01953125 0.06484375
3 0.60234375 0.378125 0.02109375 0.059375
2 0.41015625 0.32265625 0.0125 0.053125
2 0.81875 0.4421875 0.02109375 0.065625
2 0.3875 0.35 0.0171875 0.05546875
2 0.3921875 0.3828125 0.01328125 0.06015625
2 0.6171875 0.31796875 0.0109375 0.0546875
2 0.69609375 0.29296875 0.009375 0.05
2 0.5625 0.40625 0.015625 0.0625
2 0.8203125 0.34140625 0.0140625 0.05390625
2 0.55859375 0.34453125 0.01484375 0.05546875
2 0.18671875 0.37890625 0.0125 0.0609375
2 0.8328125 0.35390625 0.01328125 0.05859375
2 0.54296875 0.40234375 0.01875 0.0640625
2 0.41484375 0.378125 0.01953125 0.05390625
2 0.2296875 0.4328125 0.025 0.06171875
2 0.54453125 0.53984375 0.02421875 0.078125
2 0.72109375 0.51015625 0.02578125 0.071875
2 0.2875 0.3515625 0.01796875 0.0515625
0 0.4546875 0.30078125 0.00546875 0.0109375
3 0.39609375 0.22265625 0.01171875 0.0390625