2 0.6390625 0.42578125 0.01328125 0.03984375
2 0.56640625 0.365625 0.00703125 0.0296875
2 0.72890625 0.40625 0.01171875 0.034375
2 0.64921875 0.44609375 0.009375 0.04140625
2 0.48046875 0.36640625 0.00703125 0.03125
2 0.7015625 0.37265625 0.009375 0.02890625
2 0.47421875 0.38671875 0.01328125 0.0296875
2 0.60234375 0.37109375 0.01328125 0.0296875
3 0.91328125 0.89921875 0.021875 0.096875
2 0.2953125 0.39375 0.0078125 0.03984375
2 0.4921875 0.3765625 0.00859375 0.03828125
2 0.4921875 0.44765625 0.01171875 0.0359375
2 0.7203125 0.61015625 0.02421875 0.0625
2 0.80703125 0.42578125 0.01171875 0.0390625
2 0.37265625 0.5234375 0.01328125 0.0546875
2 0.41015625 0.44375 0.0109375 0.0453125
2 0.19765625 0.55703125 0.01953125 0.0515625
2 0.3015625 0.434375 0.0140625 0.040625
2 0.80546875 0.5265625 0.02265625 0.0515625
0 0.7421875 0.403125 0.00390625 0.00859375
2 0.734375 0.3859375 0.0140625 0.03984375
3 0.6453125 0.428125 0.01796875 0.0375
3 0.36328125 0.3453125 0.01015625 0.03828125