2 0.5609375 0.37421875 0.0171875 0.04140625
3 0.53046875 0.54140625 0.01484375 0.06015625
2 0.46171875 0.43359375 0.01171875 0.0484375
2 0.5328125 0.50546875 0.01484375 0.0484375
3 0.86328125 0.95859375 0.03671875 0.08203125
2 0.721875 0.49140625 0.0140625 0.0515625
1 0.109375 0.45078125 0.01328125 0.0515625
2 0.5046875 0.39921875 0.01015625 0.0453125
2 0.71796875 0.54375 0.01484375 0.059375
2 0.87578125 0.540625 0.0140625 0.06328125
2 0.4046875 0.48359375 0.01640625 0.04921875
2 0.6515625 0.41328125 0.01484375 0.04296875
2 0.62890625 0.45546875 0.0125 0.0484375
2 0.8890625 0.503125 0.0171875 0.05546875
2 0.490625 0.421875 0.0109375 0.04453125
2 0.51328125 0.51640625 0.01484375 0.05703125
2 0.59921875 0.621875 0.01484375 0.0703125
2 0.31953125 0.5390625 0.0140625 0.0546875
2 0.7421875 0.59296875 0.01484375 0.06953125
2 0.2875 0.61875 0.0140625 0.06328125
2 0.31015625 0.55546875 0.01484375 0.06328125
2 0.2421875 0.703125 0.01640625 0.075
2 0.7046875 0.7 0.01796875 0.0796875
0 0.56328125 0.39453125 0.0046875 0.00859375
3 0.5578125 0.33984375 0.01015625 0.03828125