2 0.68828125 0.42265625 0.01015625 0.02890625
2 0.4765625 0.44140625 0.01015625 0.03671875
3 0.5375 0.51171875 0.0109375 0.04296875
2 0.671875 0.48359375 0.00859375 0.03515625
2 0.4078125 0.44375 0.00703125 0.034375
2 0.83125 0.52578125 0.01640625 0.04609375
2 0.615625 0.45078125 0.00859375 0.03515625
2 0.7640625 0.4953125 0.0109375 0.040625
2 0.35625 0.484375 0.0109375 0.040625
2 0.5640625 0.4765625 0.00703125 0.03671875
2 0.153125 0.546875 0.01015625 0.0484375
2 0.39765625 0.5234375 0.0109375 0.03984375
2 0.25234375 0.48828125 0.01015625 0.03984375
2 0.315625 0.546875 0.009375 0.05
2 0.7140625 0.5046875 0.0109375 0.0390625
2 0.290625 0.625 0.009375 0.0515625
2 0.72578125 0.5765625 0.00859375 0.04609375
1 0.965625 0.5125 0.0109375 0.046875
2 0.84375 0.56875 0.0140625 0.05
2 0.434375 0.59375 0.01171875 0.05078125
2 0.49921875 0.62578125 0.01171875 0.05078125
2 0.27421875 0.74140625 0.0140625 0.0640625
3 0.37421875 0.40546875 0.00859375 0.03515625
0 0.825 0.54296875 0.00546875 0.0109375