1 0.86640625 0.42109375 0.02578125 0.06171875
2 0.63359375 0.40546875 0.015625 0.0484375
2 0.64765625 0.40390625 0.0125 0.053125
2 0.68671875 0.4484375 0.0140625 0.059375
2 0.66953125 0.42890625 0.0109375 0.0484375
3 0.50390625 0.50625 0.01484375 0.05859375
2 0.5875 0.64375 0.02109375 0.06484375
2 0.6265625 0.48828125 0.01171875 0.05703125
2 0.54609375 0.640625 0.01796875 0.06953125
2 0.3109375 0.43046875 0.0125 0.053125
2 0.534375 0.47734375 0.0109375 0.05859375
2 0.6625 0.51640625 0.01328125 0.06328125
2 0.73671875 0.6234375 0.01640625 0.06640625
2 0.74765625 0.528125 0.015625 0.05546875
2 0.6015625 0.5609375 0.0140625 0.06171875
2 0.1515625 0.571875 0.0125 0.06875
2 0.7 0.5859375 0.01953125 0.06484375
2 0.3515625 0.64140625 0.01171875 0.078125
2 0.1640625 0.6171875 0.01328125 0.065625
2 0.496875 0.55390625 0.01796875 0.065625
2 0.64140625 0.69140625 0.01640625 0.078125
2 0.046875 0.671875 0.0265625 0.0859375
0 0.55234375 0.66171875 0.00859375 0.0109375
3 0.08515625 0.32734375 0.01171875 0.04453125