2 0.6140625 0.4046875 0.0109375 0.05
2 0.634375 0.4609375 0.01015625 0.0515625
2 0.62578125 0.421875 0.01015625 0.046875
2 0.56328125 0.39921875 0.01328125 0.04921875
0 0.58359375 0.65703125 0.00625 0.0109375
2 0.653125 0.42109375 0.01171875 0.0546875
2 0.5203125 0.38671875 0.01171875 0.046875
2 0.80703125 0.6234375 0.01328125 0.059375
2 0.79296875 0.65390625 0.01953125 0.065625
2 0.71015625 0.45703125 0.01171875 0.0515625
1 0.78984375 0.4203125 0.01796875 0.05390625
2 0.6875 0.43828125 0.0109375 0.05078125
2 0.5859375 0.47578125 0.0125 0.0515625
2 0.4796875 0.42421875 0.0109375 0.0515625
3 0.50078125 0.45859375 0.01015625 0.05625
2 0.71328125 0.525 0.02265625 0.06484375
2 0.746875 0.57578125 0.02109375 0.06171875
2 0.3546875 0.42890625 0.01171875 0.05390625
2 0.35703125 0.534375 0.0125 0.0640625
2 0.6515625 0.59453125 0.01328125 0.053125
2 0.18671875 0.46015625 0.01640625 0.059375
2 0.55625 0.63671875 0.0171875 0.075
2 0.21171875 0.62421875 0.01875 0.07890625