2 0.6125 0.41328125 0.0125 0.04296875
2 0.55078125 0.4296875 0.015625 0.04453125
2 0.56171875 0.40625 0.015625 0.040625
2 0.55390625 0.38828125 0.0109375 0.04140625
1 0.1515625 0.45703125 0.0109375 0.05625
2 0.371875 0.4703125 0.01875 0.053125
2 0.4984375 0.40703125 0.0109375 0.04609375
3 0.878125 0.9703125 0.021875 0.059375
2 0.62265625 0.4109375 0.01171875 0.04921875
2 0.81328125 0.4921875 0.021875 0.053125
2 0.465625 0.47421875 0.01328125 0.0484375
2 0.56328125 0.5984375 0.01640625 0.0640625
2 0.7734375 0.58828125 0.01328125 0.06953125
2 0.28515625 0.5734375 0.01171875 0.059375
2 0.33828125 0.50625 0.01171875 0.05546875
2 0.9046875 0.53828125 0.01328125 0.0640625
2 0.3140625 0.51640625 0.01171875 0.06015625
2 0.27421875 0.60859375 0.0125 0.06171875
3 0.55078125 0.49609375 0.015625 0.0546875
2 0.446875 0.4859375 0.01328125 0.053125
2 0.6953125 0.47890625 0.02265625 0.04921875
2 0.66953125 0.52578125 0.0125 0.05859375
2 0.73984375 0.64140625 0.01796875 0.0734375
0 0.63203125 0.45625 0.00546875 0.009375
3 0.5359375 0.346875 0.0109375 0.03984375