2 0.621875 0.54609375 0.0171875 0.04921875
2 0.61796875 0.571875 0.01640625 0.0609375
1 0.86171875 0.4265625 0.0140625 0.05625
2 0.61875 0.39765625 0.01484375 0.05625
2 0.65390625 0.446875 0.00859375 0.0515625
2 0.59609375 0.55625 0.0234375 0.059375
2 0.61640625 0.484375 0.0125 0.05703125
2 0.684375 0.43671875 0.0125 0.05703125
2 0.45546875 0.48359375 0.01171875 0.05546875
2 0.51328125 0.54453125 0.01015625 0.06171875
3 0.4875 0.51953125 0.01328125 0.0609375
2 0.66015625 0.5140625 0.01640625 0.06171875
2 0.765625 0.51328125 0.0140625 0.06328125
2 0.3046875 0.45859375 0.01015625 0.05703125
2 0.73671875 0.565625 0.01796875 0.06015625
2 0.5609375 0.42421875 0.01328125 0.05078125
2 0.090625 0.67578125 0.01953125 0.0859375
2 0.0875 0.71328125 0.02265625 0.07890625
2 0.1171875 0.6078125 0.0140625 0.0734375
2 0.65859375 0.6015625 0.01953125 0.065625
2 0.3640625 0.61484375 0.01640625 0.07421875
2 0.59765625 0.62890625 0.01953125 0.07109375
3 0.06875 0.33125 0.01484375 0.04375
0 0.58984375 0.5828125 0.00703125 0.0140625