2 0.4640625 0.4390625 0.01953125 0.040625
2 0.54296875 0.503125 0.015625 0.05625
3 0.60625 0.528125 0.01953125 0.05390625
2 0.36953125 0.49921875 0.01328125 0.0515625
2 0.57265625 0.39453125 0.01171875 0.04375
2 0.5265625 0.45859375 0.0109375 0.05
2 0.45703125 0.46875 0.01328125 0.0484375
1 0.1640625 0.46953125 0.0265625 0.0453125
2 0.5640625 0.42578125 0.009375 0.053125
2 0.59296875 0.51328125 0.01640625 0.05859375
2 0.42578125 0.48125 0.0265625 0.05390625
2 0.66875 0.4203125 0.0109375 0.0484375
2 0.36953125 0.53203125 0.01875 0.0546875
2 0.48046875 0.49609375 0.01640625 0.05859375
2 0.30546875 0.5890625 0.01640625 0.06171875
2 0.8734375 0.5390625 0.01484375 0.0640625
2 0.80390625 0.58359375 0.01328125 0.0703125
2 0.5234375 0.55625 0.01328125 0.0640625
2 0.65625 0.528125 0.0171875 0.0609375
2 0.296875 0.6359375 0.015625 0.0703125
2 0.71796875 0.625 0.01484375 0.071875
2 0.53515625 0.49140625 0.01171875 0.059375
3 0.58515625 0.35390625 0.015625 0.0359375
0 0.4265625 0.4203125 0.00703125 0.0125