2 0.56640625 0.4203125 0.01015625 0.040625
2 0.5671875 0.45703125 0.01171875 0.0453125
2 0.3671875 0.49765625 0.0203125 0.06171875
2 0.70546875 0.35625 0.01015625 0.04375
3 0.45546875 0.54453125 0.02109375 0.06328125
2 0.35234375 0.46796875 0.01875 0.05859375
2 0.3984375 0.4984375 0.015625 0.05859375
2 0.61484375 0.3859375 0.01171875 0.04453125
2 0.45390625 0.39921875 0.01171875 0.0453125
2 0.8375 0.43046875 0.01328125 0.0515625
2 0.415625 0.50703125 0.02421875 0.06171875
2 0.32421875 0.68671875 0.01875 0.07421875
2 0.5890625 0.4828125 0.01328125 0.05625
1 0.040625 0.4453125 0.02109375 0.05703125
2 0.67734375 0.53359375 0.01796875 0.0640625
2 0.3171875 0.503125 0.01953125 0.05703125
2 0.61796875 0.59140625 0.01328125 0.06796875
2 0.33125 0.578125 0.02578125 0.065625
2 0.175 0.8140625 0.03359375 0.07890625
3 0.86328125 0.9375 0.034375 0.103125
2 0.74375 0.64765625 0.01796875 0.07890625
2 0.21640625 0.78984375 0.0265625 0.0796875
2 0.14375 0.671875 0.0265625 0.06953125
3 0.47421875 0.30859375 0.0125 0.0390625
0 0.21015625 0.8078125 0.00703125 0.015625