0 0.87109375 0.7109375 0.00703125 0.0140625
2 0.7046875 0.45859375 0.00859375 0.046875
2 0.840625 0.65078125 0.015625 0.065625
2 0.640625 0.4390625 0.009375 0.05703125
1 0.7796875 0.41640625 0.01171875 0.053125
2 0.534375 0.4640625 0.01328125 0.05390625
2 0.6578125 0.43046875 0.01328125 0.05625
2 0.66484375 0.53203125 0.01484375 0.05625
2 0.60234375 0.40625 0.01015625 0.05078125
2 0.6953125 0.46015625 0.01484375 0.05546875
2 0.5390625 0.41484375 0.01171875 0.0515625
2 0.546875 0.39296875 0.0109375 0.04921875
2 0.62265625 0.459375 0.0125 0.0546875
3 0.5109375 0.4625 0.01015625 0.0546875
2 0.81875 0.675 0.02578125 0.04609375
2 0.6203125 0.55703125 0.0171875 0.06484375
2 0.371875 0.428125 0.01015625 0.0515625
2 0.84921875 0.70390625 0.02109375 0.075
2 0.6515625 0.65546875 0.01953125 0.06796875
2 0.53125 0.63984375 0.01484375 0.07578125
2 0.34609375 0.54140625 0.01484375 0.0609375
2 0.1640625 0.65390625 0.01796875 0.08203125
2 0.16796875 0.4640625 0.01328125 0.059375