2 0.346875 0.42578125 0.01015625 0.0359375
1 0.16640625 0.45 0.009375 0.04609375
2 0.75234375 0.503125 0.01484375 0.05625
2 0.35234375 0.4265625 0.0109375 0.03984375
2 0.321875 0.390625 0.01171875 0.046875
2 0.2453125 0.43828125 0.01328125 0.0453125
2 0.1796875 0.46796875 0.00859375 0.0453125
2 0.3109375 0.41875 0.01171875 0.0484375
2 0.4734375 0.3890625 0.01015625 0.04296875
2 0.446875 0.44453125 0.01015625 0.04609375
2 0.7609375 0.409375 0.0125 0.0453125
2 0.7515625 0.5234375 0.0140625 0.06171875
2 0.271875 0.44921875 0.01640625 0.05078125
2 0.1890625 0.48359375 0.01328125 0.05390625
3 0.38671875 0.475 0.0125 0.0515625
2 0.78671875 0.41953125 0.01484375 0.04921875
2 0.41953125 0.509375 0.01171875 0.05703125
2 0.31328125 0.49609375 0.01171875 0.0546875
2 0.84765625 0.465625 0.0125 0.05546875
2 0.64921875 0.603125 0.01796875 0.06171875
2 0.50625 0.596875 0.0203125 0.065625
0 0.365625 0.4421875 0.00546875 0.0109375
3 0.40390625 0.33828125 0.00859375 0.0375