0 0.81015625 0.54609375 0.00546875 0.0109375
2 0.61640625 0.40078125 0.00703125 0.03203125
2 0.54296875 0.4359375 0.00859375 0.034375
2 0.453125 0.44140625 0.009375 0.03828125
2 0.559375 0.6515625 0.01328125 0.0484375
3 0.46640625 0.5 0.00703125 0.04375
2 0.271875 0.46953125 0.01328125 0.0390625
2 0.75625 0.46328125 0.0109375 0.04140625
1 0.965625 0.49921875 0.00859375 0.046875
2 0.38125 0.43828125 0.00859375 0.03671875
2 0.57578125 0.46875 0.00703125 0.0390625
2 0.18125 0.53125 0.0140625 0.04609375
2 0.79921875 0.509375 0.01328125 0.0453125
2 0.31953125 0.47421875 0.009375 0.04140625
2 0.69921875 0.56796875 0.01953125 0.03984375
2 0.6890625 0.50703125 0.009375 0.04453125
2 0.23828125 0.77578125 0.015625 0.06875
2 0.26328125 0.6234375 0.01171875 0.05390625
2 0.6515625 0.515625 0.009375 0.04453125
2 0.44609375 0.58828125 0.009375 0.05
2 0.8546875 0.56171875 0.01015625 0.05
2 0.375 0.5140625 0.0140625 0.04609375
2 0.28046875 0.54140625 0.00703125 0.05
3 0.3421875 0.3890625 0.00859375 0.034375