2 0.70234375 0.45390625 0.009375 0.05
2 0.70234375 0.40390625 0.01484375 0.0515625
1 0.7546875 0.41484375 0.0140625 0.05
2 0.68359375 0.396875 0.01484375 0.0515625
0 0.7546875 0.640625 0.00703125 0.0109375
2 0.709375 0.46953125 0.0125 0.059375
2 0.56953125 0.465625 0.0125 0.0515625
2 0.8953125 0.53125 0.01484375 0.0515625
2 0.66328125 0.44296875 0.01171875 0.0515625
2 0.8046875 0.51875 0.01171875 0.05859375
2 0.74140625 0.575 0.015625 0.05703125
2 0.7859375 0.46484375 0.01171875 0.05546875
2 0.59609375 0.43515625 0.01328125 0.05
2 0.57890625 0.4140625 0.01171875 0.05
2 0.8703125 0.52578125 0.0140625 0.05625
3 0.4984375 0.478125 0.01171875 0.05625
2 0.57734375 0.5109375 0.0140625 0.0515625
2 0.36640625 0.434375 0.01484375 0.053125
2 0.734375 0.61171875 0.025 0.05546875
2 0.675 0.6265625 0.0203125 0.0609375
2 0.14765625 0.51015625 0.01484375 0.05546875
2 0.1875 0.6046875 0.0171875 0.06328125
2 0.2359375 0.5859375 0.01484375 0.059375