0 0.85546875 0.54453125 0.00546875 0.01015625
2 0.884375 0.54921875 0.015625 0.03125
2 0.8828125 0.58125 0.01640625 0.05390625
1 0.8640625 0.3875 0.01328125 0.046875
3 0.98515625 0.66796875 0.0234375 0.0703125
2 0.88515625 0.60390625 0.0125 0.06015625
2 0.58359375 0.371875 0.0125 0.04140625
2 0.325 0.3765625 0.01015625 0.04296875
2 0.6546875 0.39140625 0.01015625 0.0484375
2 0.62890625 0.4390625 0.01015625 0.046875
2 0.446875 0.434375 0.01015625 0.04921875
2 0.7375 0.540625 0.009375 0.059375
2 0.80625 0.60859375 0.01484375 0.0640625
3 0.5609375 0.4875 0.01484375 0.053125
2 0.54375 0.54609375 0.0109375 0.06015625
2 0.6796875 0.5859375 0.0140625 0.06796875
2 0.83671875 0.60546875 0.01328125 0.06171875
2 0.72890625 0.43984375 0.01640625 0.05
2 0.39140625 0.64296875 0.015625 0.07421875
2 0.64453125 0.68046875 0.015625 0.07578125
2 0.66484375 0.60078125 0.0140625 0.0640625
2 0.28125 0.66796875 0.02109375 0.07421875
2 0.46484375 0.57578125 0.01171875 0.0609375
2 0.1703125 0.5265625 0.0171875 0.0609375
3 0.1859375 0.29921875 0.00859375 0.0375