3 0.50546875 0.49765625 0.01328125 0.046875
2 0.38828125 0.40859375 0.01171875 0.04140625
2 0.77421875 0.42109375 0.01796875 0.04453125
2 0.7203125 0.37890625 0.0140625 0.0359375
2 0.48984375 0.52578125 0.01796875 0.05859375
2 0.53828125 0.44140625 0.015625 0.0453125
2 0.475 0.565625 0.01328125 0.05859375
2 0.33984375 0.553125 0.021875 0.06171875
2 0.66875 0.4421875 0.01171875 0.0453125
2 0.43046875 0.4796875 0.01875 0.0515625
2 0.76484375 0.63125 0.02265625 0.059375
2 0.69375 0.4734375 0.0109375 0.05
2 0.7640625 0.6875 0.03046875 0.075
2 0.7828125 0.4734375 0.0140625 0.05390625
2 0.89765625 0.53125 0.0125 0.0609375
2 0.37578125 0.54140625 0.01484375 0.05625
2 0.2078125 0.53359375 0.01328125 0.059375
2 0.865625 0.5140625 0.01640625 0.05546875
2 0.08671875 0.4953125 0.0171875 0.0515625
2 0.246875 0.45546875 0.01796875 0.0515625
2 0.56484375 0.5390625 0.01953125 0.05703125
0 0.62734375 0.3796875 0.00546875 0.0109375
3 0.3 0.346875 0.00703125 0.034375