1 0.99609375 0.503125 0.0078125 0.0375
2 0.59296875 0.39296875 0.009375 0.03359375
2 0.375 0.46171875 0.0078125 0.04296875
2 0.4625 0.49140625 0.01171875 0.04375
2 0.40546875 0.5359375 0.01015625 0.04921875
2 0.68828125 0.4546875 0.01015625 0.040625
2 0.459375 0.434375 0.00859375 0.03671875
2 0.33046875 0.484375 0.01328125 0.04453125
2 0.3640625 0.4421875 0.0078125 0.03828125
2 0.35 0.7796875 0.021875 0.06640625
2 0.47890625 0.4875 0.0078125 0.04375
3 0.4375 0.58984375 0.0140625 0.05546875
3 0.96875 0.8203125 0.0234375 0.07578125
2 0.6296875 0.55703125 0.01171875 0.0453125
2 0.846875 0.61953125 0.01484375 0.05859375
2 0.35078125 0.546875 0.01484375 0.0515625
2 0.62265625 0.5859375 0.01171875 0.05078125
2 0.4578125 0.6453125 0.0140625 0.0609375
2 0.29453125 0.5578125 0.0125 0.05078125
2 0.54921875 0.77109375 0.01328125 0.06796875
2 0.28671875 0.68203125 0.01484375 0.0609375
2 0.51796875 0.64296875 0.01171875 0.059375
2 0.48984375 0.73671875 0.01484375 0.07109375
3 0.38515625 0.36796875 0.00859375 0.0328125
0 0.62578125 0.56640625 0.00546875 0.01015625