0 0.3640625 0.49921875 0.00859375 0.01328125
2 0.79140625 0.4734375 0.009375 0.03203125
2 0.58125 0.378125 0.0171875 0.0390625
2 0.61328125 0.32265625 0.0140625 0.0375
2 0.49765625 0.4328125 0.01484375 0.04921875
2 0.76484375 0.425 0.01875 0.04453125
2 0.52265625 0.396875 0.01171875 0.04375
2 0.81171875 0.40625 0.0203125 0.04453125
2 0.7890625 0.50859375 0.01328125 0.0609375
3 0.63125 0.48046875 0.0109375 0.0546875
2 0.51171875 0.46875 0.0109375 0.05546875
2 0.321875 0.4046875 0.00859375 0.0484375
2 0.77421875 0.47109375 0.01484375 0.05390625
2 0.47734375 0.46171875 0.0140625 0.053125
2 0.6125 0.47265625 0.01484375 0.05078125
2 0.4609375 0.54375 0.01328125 0.05859375
2 0.6 0.5609375 0.01171875 0.0640625
2 0.80390625 0.653125 0.0171875 0.06875
2 0.2921875 0.52265625 0.01796875 0.053125
2 0.459375 0.59453125 0.01484375 0.06484375
2 0.671875 0.6984375 0.01484375 0.07578125
2 0.359375 0.77421875 0.028125 0.08359375
3 0.371875 0.3109375 0.009375 0.03984375