0 0.43515625 0.54296875 0.00546875 0.0109375
3 0.409375 0.321875 0.0078125 0.03203125
2 0.78046875 0.48671875 0.025 0.05546875
2 0.6671875 0.46640625 0.0171875 0.02890625
2 0.40859375 0.490625 0.0125 0.0546875
2 0.4 0.51953125 0.01640625 0.05
2 0.784375 0.44453125 0.01640625 0.04609375
2 0.4015625 0.43203125 0.0140625 0.04609375
2 0.3796875 0.375 0.0171875 0.03671875
2 0.72421875 0.43515625 0.0125 0.0484375
2 0.859375 0.3796875 0.0109375 0.04453125
2 0.5640625 0.4265625 0.01328125 0.04609375
3 0.61953125 0.45390625 0.0140625 0.04609375
2 0.23515625 0.48828125 0.02421875 0.05390625
2 0.95 0.471875 0.01484375 0.053125
1 0.0109375 0.4484375 0.0125 0.05078125
2 0.3453125 0.4109375 0.01015625 0.0484375
2 0.96328125 0.496875 0.021875 0.05703125
2 0.89921875 0.4171875 0.0125 0.04921875
2 0.6609375 0.55859375 0.01796875 0.05390625
2 0.1609375 0.43984375 0.0125 0.05078125
2 0.7328125 0.565625 0.01640625 0.059375
2 0.27890625 0.47421875 0.01015625 0.0546875
2 0.4734375 0.4765625 0.01640625 0.0546875