2 0.66484375 0.50390625 0.00859375 0.03515625
2 0.66640625 0.48125 0.01015625 0.0328125
2 0.4296875 0.46875 0.00703125 0.02890625
2 0.48671875 0.46328125 0.00859375 0.02890625
2 0.7234375 0.45859375 0.00703125 0.03046875
2 0.5421875 0.50390625 0.00703125 0.03359375
1 0.096875 0.53671875 0.01015625 0.04453125
2 0.8171875 0.5375 0.01015625 0.03828125
2 0.725 0.54453125 0.0140625 0.03515625
2 0.40859375 0.5359375 0.01015625 0.040625
3 0.596875 0.53203125 0.00703125 0.03984375
2 0.68671875 0.52421875 0.0078125 0.03359375
2 0.65078125 0.5234375 0.0125 0.03828125
2 0.240625 0.51953125 0.009375 0.0359375
2 0.47890625 0.60859375 0.00859375 0.040625
2 0.3484375 0.55703125 0.00859375 0.040625
1 0.91953125 0.52578125 0.009375 0.03984375
2 0.384375 0.5015625 0.00859375 0.034375
2 0.68359375 0.59140625 0.009375 0.04296875
2 0.446875 0.58828125 0.009375 0.04375
2 0.3484375 0.6265625 0.00859375 0.04609375
2 0.36484375 0.69921875 0.0109375 0.05078125
2 0.17109375 0.5703125 0.015625 0.04296875
0 0.8109375 0.553125 0.00390625 0.01015625
3 0.4046875 0.44140625 0.00703125 0.02578125