2 0.9953125 0.49765625 0.009375 0.0484375
2 0.53203125 0.64765625 0.01796875 0.046875
2 0.58828125 0.38671875 0.01015625 0.034375
3 0.45 0.5453125 0.0109375 0.0484375
2 0.34609375 0.4546875 0.009375 0.0390625
2 0.72578125 0.5515625 0.02421875 0.046875
2 0.465625 0.428125 0.01015625 0.0359375
2 0.47578125 0.48046875 0.01171875 0.04296875
2 0.53671875 0.47421875 0.01015625 0.03984375
2 0.72109375 0.44609375 0.01171875 0.04296875
2 0.5203125 0.6671875 0.0203125 0.0546875
2 0.3640625 0.7875 0.01640625 0.07109375
2 0.825 0.56953125 0.015625 0.053125
2 0.32109375 0.478125 0.01171875 0.04453125
2 0.55 0.77421875 0.02109375 0.06875
3 0.97890625 0.8109375 0.02578125 0.0734375
2 0.39375 0.53046875 0.01171875 0.04921875
2 0.7125 0.63828125 0.01640625 0.05546875
2 0.3140625 0.52890625 0.01171875 0.0515625
2 0.2546875 0.55234375 0.01171875 0.05078125
2 0.27734375 0.7265625 0.01875 0.0640625
2 0.47890625 0.7375 0.021875 0.06015625
0 0.54921875 0.79375 0.00703125 0.0140625
3 0.3453125 0.36953125 0.00859375 0.03203125
2 0.3453125 0.43515625 0.0078125 0.0359375