2 0.68984375 0.3890625 0.00859375 0.03203125
2 0.67265625 0.453125 0.00859375 0.04609375
1 0.79296875 0.4234375 0.01484375 0.053125
2 0.5546875 0.55703125 0.02265625 0.05859375
2 0.55859375 0.6078125 0.0234375 0.053125
2 0.69453125 0.41640625 0.0125 0.0515625
2 0.7375 0.61015625 0.015625 0.06640625
2 0.49921875 0.46953125 0.01484375 0.05546875
2 0.6546875 0.45625 0.01484375 0.04921875
2 0.58671875 0.42109375 0.01484375 0.046875
2 0.59296875 0.6234375 0.01484375 0.06875
2 0.81796875 0.61796875 0.01875 0.065625
2 0.6765625 0.503125 0.01484375 0.0625
2 0.296875 0.734375 0.0265625 0.0703125
3 0.50546875 0.52578125 0.015625 0.06171875
2 0.578125 0.64921875 0.0171875 0.0765625
2 0.7578125 0.60859375 0.01484375 0.06171875
2 0.8375 0.503125 0.01328125 0.06171875
2 0.2828125 0.70703125 0.0203125 0.0734375
2 0.29140625 0.46953125 0.01484375 0.06015625
2 0.47890625 0.6359375 0.01796875 0.07578125
2 0.1328125 0.6109375 0.0265625 0.0734375
0 0.5640625 0.62578125 0.00546875 0.0109375
3 0.02109375 0.33359375 0.01328125 0.0421875