0 0.8109375 0.59453125 0.00546875 0.0109375
3 0.990625 0.709375 0.01796875 0.06875
2 0.7796875 0.5671875 0.025 0.0265625
1 0.83125 0.43046875 0.01796875 0.04140625
2 0.65859375 0.48671875 0.0140625 0.0453125
2 0.83671875 0.58359375 0.01640625 0.04296875
2 0.803125 0.525 0.01484375 0.0515625
2 0.74375 0.553125 0.01328125 0.04609375
2 0.5265625 0.46796875 0.01015625 0.046875
3 0.5953125 0.5046875 0.0078125 0.05
2 0.6625 0.41953125 0.01328125 0.04375
2 0.85234375 0.57421875 0.01328125 0.053125
2 0.3328125 0.42109375 0.01171875 0.04296875
2 0.7171875 0.46875 0.01171875 0.0484375
2 0.69921875 0.54765625 0.0125 0.04921875
2 0.55859375 0.53828125 0.009375 0.05625
2 0.6015625 0.41328125 0.01328125 0.040625
2 0.63515625 0.60234375 0.01015625 0.06171875
2 0.58046875 0.6546875 0.01328125 0.06640625
2 0.778125 0.6125 0.01328125 0.06015625
2 0.48671875 0.5609375 0.0109375 0.0609375
2 0.35546875 0.64296875 0.015625 0.06875
2 0.32578125 0.63203125 0.01796875 0.0609375
2 0.15625 0.54140625 0.01171875 0.05546875
3 0.1453125 0.3453125 0.00859375 0.03671875