0 0.453125 0.55234375 0.00546875 0.01015625
2 0.65859375 0.49296875 0.01328125 0.04375
2 0.46328125 0.453125 0.0109375 0.0390625
2 0.5171875 0.47109375 0.01015625 0.04375
2 0.78125 0.51171875 0.0109375 0.05390625
2 0.4921875 0.46875 0.0140625 0.04140625
1 0.88046875 0.428125 0.0140625 0.04375
2 0.58125 0.4046875 0.0125 0.04453125
2 0.684375 0.5484375 0.0109375 0.0546875
2 0.39921875 0.41328125 0.0125 0.0390625
2 0.76875 0.55703125 0.0109375 0.05390625
2 0.7453125 0.5734375 0.0140625 0.03828125
2 0.55078125 0.428125 0.01015625 0.04296875
3 0.5859375 0.50390625 0.0171875 0.05078125
2 0.44609375 0.51796875 0.01328125 0.04609375
2 0.68203125 0.45 0.0109375 0.0484375
3 0.959375 0.7203125 0.021875 0.07421875
2 0.571875 0.4734375 0.0140625 0.0484375
2 0.521875 0.509375 0.0140625 0.0484375
2 0.35546875 0.5125 0.01953125 0.04921875
2 0.73046875 0.5984375 0.01640625 0.059375
2 0.309375 0.5359375 0.01328125 0.053125
2 0.259375 0.4859375 0.01953125 0.04921875
2 0.4171875 0.57578125 0.02109375 0.05703125
3 0.2015625 0.3421875 0.009375 0.03671875