2 0.596875 0.40859375 0.009375 0.03828125
2 0.8203125 0.59296875 0.015625 0.03203125
2 0.59140625 0.428125 0.01171875 0.03828125
2 0.3484375 0.3984375 0.01015625 0.0390625
3 0.5546875 0.50546875 0.0125 0.046875
2 0.5375 0.48515625 0.01328125 0.04453125
2 0.38203125 0.5234375 0.01640625 0.05
2 0.33828125 0.44375 0.01015625 0.0390625
1 0.92734375 0.44296875 0.0125 0.0484375
2 0.7546875 0.51875 0.01171875 0.05078125
2 0.6703125 0.446875 0.01171875 0.04609375
2 0.56796875 0.52734375 0.009375 0.053125
2 0.22421875 0.48828125 0.0140625 0.04453125
2 0.63359375 0.51171875 0.00859375 0.05078125
2 0.68359375 0.55546875 0.00859375 0.05546875
2 0.51484375 0.4953125 0.0203125 0.0515625
2 0.19921875 0.45390625 0.01171875 0.046875
2 0.4421875 0.471875 0.01328125 0.046875
2 0.6984375 0.58046875 0.01171875 0.05546875
2 0.4015625 0.56875 0.01484375 0.059375
3 0.9796875 0.76015625 0.03671875 0.0796875
2 0.24453125 0.55 0.02265625 0.05546875
2 0.803125 0.59609375 0.01171875 0.05859375
3 0.21875 0.34921875 0.009375 0.03359375