2 0.61953125 0.6203125 0.01171875 0.040625
1 0.91171875 0.4234375 0.0125 0.05390625
2 0.21953125 0.5671875 0.01953125 0.05859375
2 0.6171875 0.396875 0.01640625 0.04921875
2 0.63515625 0.48515625 0.0125 0.05703125
2 0.69921875 0.4109375 0.01328125 0.053125
2 0.55703125 0.46328125 0.01015625 0.05546875
2 0.67734375 0.425 0.01484375 0.0515625
2 0.621875 0.659375 0.02578125 0.0703125
2 0.33203125 0.40625 0.01484375 0.046875
2 0.72578125 0.46015625 0.0125 0.0609375
3 0.5171875 0.51171875 0.01640625 0.05625
2 0.6515625 0.52109375 0.01484375 0.06875
2 0.48046875 0.56640625 0.01484375 0.06875
2 0.1734375 0.55390625 0.0234375 0.065625
2 0.70078125 0.62734375 0.01640625 0.06796875
2 0.35859375 0.6609375 0.01875 0.0765625
2 0.84921875 0.6046875 0.01796875 0.07421875
2 0.040625 0.65546875 0.021875 0.084375
2 0.6078125 0.728125 0.03046875 0.07890625
2 0.559375 0.5640625 0.02109375 0.06171875
3 0.12578125 0.30703125 0.0109375 0.04140625
2 0.74921875 0.81640625 0.02734375 0.0953125