0 0.6453125 0.4984375 0.00625 0.0109375
3 0.359375 0.33359375 0.01171875 0.0375
2 0.27890625 0.39609375 0.0171875 0.04453125
2 0.62890625 0.43046875 0.015625 0.04765625
2 0.61953125 0.45625 0.0140625 0.04609375
2 0.61328125 0.4875 0.021875 0.04765625
2 0.85625 0.4203125 0.02109375 0.0484375
3 0.53671875 0.45 0.0234375 0.05234375
2 0.27890625 0.4375 0.01328125 0.0484375
2 0.6359375 0.45 0.01640625 0.05234375
2 0.821875 0.38359375 0.0140625 0.04296875
2 0.07734375 0.4421875 0.01484375 0.05078125
2 0.9046875 0.4765625 0.01171875 0.05625
2 0.88671875 0.46953125 0.01953125 0.04921875
2 0.31640625 0.48125 0.0125 0.053125
2 0.1875 0.52109375 0.01484375 0.05546875
2 0.21484375 0.4609375 0.01171875 0.05390625
2 0.08515625 0.49921875 0.015625 0.05625
2 0.2921875 0.40859375 0.01640625 0.05
2 0.82265625 0.56796875 0.0234375 0.046875
2 0.32890625 0.45703125 0.015625 0.0515625
2 0.68046875 0.5734375 0.028125 0.065625
2 0.42109375 0.43359375 0.0171875 0.04609375