2 0.33203125 0.35703125 0.0140625 0.04140625
3 0.91796875 0.97109375 0.03046875 0.05703125
2 0.2125 0.478125 0.01328125 0.05546875
2 0.38125 0.3890625 0.0140625 0.04140625
1 0.03984375 0.44296875 0.01484375 0.04921875
3 0.39375 0.46484375 0.01640625 0.05390625
2 0.34453125 0.3890625 0.01484375 0.0375
2 0.24375 0.46640625 0.02265625 0.05078125
2 0.60859375 0.38515625 0.01015625 0.04453125
2 0.6796875 0.49140625 0.01171875 0.0515625
2 0.2015625 0.48359375 0.01171875 0.053125
2 0.7203125 0.62109375 0.0234375 0.06328125
2 0.54140625 0.44140625 0.01015625 0.04921875
2 0.84453125 0.43828125 0.0125 0.04921875
2 0.23984375 0.41015625 0.01484375 0.04609375
2 0.32734375 0.42109375 0.01953125 0.04375
2 0.7890625 0.425 0.01796875 0.0515625
2 0.52265625 0.5359375 0.01484375 0.06171875
2 0.815625 0.48671875 0.015625 0.06171875
2 0.64609375 0.61796875 0.0203125 0.06796875
2 0.17890625 0.46953125 0.01875 0.05546875
2 0.7515625 0.5234375 0.0171875 0.0640625
2 0.3453125 0.5015625 0.0203125 0.0546875
3 0.37578125 0.328125 0.0125 0.0390625
0 0.32421875 0.39140625 0.0046875 0.00859375