0 0.82265625 0.68359375 0.00859375 0.0109375
3 0.43125 0.17578125 0.01015625 0.03125
2 0.5046875 0.20078125 0.00703125 0.03671875
1 0.015625 0.33671875 0.01484375 0.04609375
2 0.37578125 0.29140625 0.00859375 0.04140625
2 0.49921875 0.33046875 0.0109375 0.04921875
2 0.56171875 0.2671875 0.00703125 0.03984375
2 0.3875 0.2640625 0.00859375 0.04375
2 0.325 0.39453125 0.00859375 0.05625
2 0.3609375 0.4515625 0.01015625 0.059375
2 0.4078125 0.36328125 0.009375 0.04921875
2 0.2828125 0.4875 0.01015625 0.06171875
2 0.3140625 0.434375 0.01328125 0.059375
2 0.56953125 0.39453125 0.01328125 0.05546875
3 0.40390625 0.45703125 0.01015625 0.059375
2 0.61015625 0.41953125 0.01171875 0.05859375
2 0.76875 0.315625 0.0125 0.0484375
2 0.478125 0.50546875 0.01015625 0.065625
2 0.30546875 0.609375 0.01796875 0.06953125
2 0.38984375 0.55390625 0.01484375 0.06484375
2 0.21328125 0.678125 0.01328125 0.08046875
2 0.83046875 0.665625 0.02421875 0.08125
2 0.5484375 0.75625 0.0171875 0.08359375
2 0.571875 0.64375 0.02421875 0.0640625
3 0.93984375 0.83203125 0.028125 0.09453125