2 0.60078125 0.34921875 0.0125 0.05078125
2 0.63359375 0.38671875 0.01796875 0.04296875
1 0.74453125 0.4359375 0.0140625 0.04921875
2 0.7359375 0.45859375 0.0171875 0.06796875
2 0.546875 0.37578125 0.01171875 0.05703125
2 0.7625 0.47890625 0.0140625 0.0609375
2 0.515625 0.48203125 0.01640625 0.06484375
2 0.67265625 0.484375 0.02578125 0.065625
2 0.73125 0.5171875 0.02734375 0.07890625
2 0.359375 0.3859375 0.02109375 0.0640625
2 0.69609375 0.44296875 0.02265625 0.05703125
3 0.25234375 0.34453125 0.015625 0.06171875
2 0.5796875 0.446875 0.01640625 0.071875
2 0.478125 0.36875 0.0265625 0.0640625
2 0.61953125 0.42578125 0.02109375 0.06015625
2 0.58125 0.48984375 0.02890625 0.0609375
2 0.38046875 0.459375 0.01171875 0.07578125
2 0.2328125 0.33046875 0.01484375 0.06171875
2 0.4390625 0.5203125 0.01640625 0.08125
2 0.72109375 0.56171875 0.0234375 0.09609375
2 0.084375 0.5515625 0.02421875 0.08359375
0 0.609375 0.375 0.00625 0.009375