2 0.7890625 0.325 0.0140625 0.0421875
2 0.85 0.41875 0.01015625 0.059375
2 0.7796875 0.31171875 0.01171875 0.0453125
2 0.6671875 0.2375 0.0109375 0.03984375
2 0.6 0.2265625 0.01796875 0.04609375
2 0.68515625 0.23125 0.0078125 0.03828125
1 0.90546875 0.33671875 0.009375 0.059375
2 0.85546875 0.365625 0.01015625 0.05390625
2 0.54453125 0.24921875 0.01171875 0.04296875
2 0.6984375 0.28984375 0.00859375 0.05390625
2 0.40078125 0.24140625 0.01484375 0.04140625
2 0.81484375 0.31328125 0.01171875 0.0546875
3 0.5796875 0.27890625 0.0109375 0.05078125
2 0.76796875 0.37734375 0.01171875 0.06015625
2 0.88671875 0.384375 0.015625 0.06015625
2 0.6828125 0.32734375 0.01640625 0.05625
2 0.5609375 0.45390625 0.015625 0.06875
2 0.271875 0.34140625 0.0109375 0.06328125
2 0.24765625 0.34765625 0.01484375 0.0640625
2 0.48984375 0.30625 0.01484375 0.0546875
2 0.1609375 0.30234375 0.0109375 0.05859375
0 0.56328125 0.2671875 0.0046875 0.00859375
2 0.66484375 0.22421875 0.0109375 0.05