2 0.3203125 0.21796875 0.01328125 0.053125
0 0.80625 0.31875 0.00546875 0.01015625
3 0.41328125 0.07734375 0.009375 0.0453125
2 0.396875 0.371875 0.01484375 0.07265625
2 0.53515625 0.0890625 0.01015625 0.0453125
2 0.15546875 0.62578125 0.02734375 0.09140625
2 0.3203125 0.23359375 0.0109375 0.0640625
2 0.47734375 0.2421875 0.01015625 0.06171875
3 0.39375 0.3875 0.0140625 0.07265625
2 0.56953125 0.175 0.01015625 0.05390625
2 0.81875 0.28671875 0.01953125 0.06484375
2 0.4359375 0.303125 0.01640625 0.05625
2 0.15859375 0.58203125 0.02734375 0.08359375
2 0.27109375 0.32578125 0.01484375 0.06640625
2 0.53984375 0.290625 0.0125 0.06640625
2 0.65546875 0.303125 0.01328125 0.06875
2 0.240625 0.39453125 0.01484375 0.07421875
2 0.3890625 0.46328125 0.0203125 0.07578125
2 0.22890625 0.4125 0.021875 0.0765625
2 0.8359375 0.51015625 0.02265625 0.0890625
2 0.64453125 0.5234375 0.0234375 0.08359375
2 0.38671875 0.55703125 0.02265625 0.08515625
2 0.32265625 0.89921875 0.03046875 0.11171875