2 0.55703125 0.28828125 0.009375 0.034375
2 0.35390625 0.27109375 0.01171875 0.03203125
2 0.71484375 0.296875 0.01015625 0.03828125
2 0.7515625 0.28125 0.00859375 0.03671875
2 0.7890625 0.30546875 0.0109375 0.04375
2 0.65703125 0.328125 0.01015625 0.04453125
2 0.2 0.3734375 0.009375 0.0453125
2 0.8734375 0.41796875 0.0109375 0.05546875
2 0.16953125 0.33984375 0.009375 0.04453125
2 0.76015625 0.3671875 0.01171875 0.04375
2 0.68984375 0.44375 0.01015625 0.05546875
2 0.81953125 0.3359375 0.0125 0.0453125
2 0.33671875 0.4 0.01484375 0.04453125
2 0.67109375 0.38203125 0.01328125 0.05078125
3 0.51875 0.37578125 0.009375 0.0484375
1 0.09609375 0.39375 0.015625 0.0484375
2 0.89140625 0.5578125 0.01875 0.06171875
2 0.85390625 0.61875 0.015625 0.07421875
2 0.81484375 0.478125 0.01484375 0.0609375
2 0.5390625 0.5703125 0.01953125 0.06484375
2 0.471875 0.7453125 0.02578125 0.07578125
0 0.3515625 0.4203125 0.00625 0.01171875
3 0.31484375 0.2296875 0.00859375 0.03125
2 0.61015625 0.23515625 0.01171875 0.03125