2 0.71875 0.3734375 0.01171875 0.05546875
2 0.54375 0.290625 0.0109375 0.04296875
2 0.6921875 0.38671875 0.01171875 0.0546875
2 0.8203125 0.47890625 0.01484375 0.06875
2 0.6 0.33203125 0.0109375 0.05078125
1 0.953125 0.4359375 0.0125 0.06484375
2 0.50234375 0.2984375 0.01171875 0.04609375
2 0.4421875 0.30546875 0.01484375 0.05
2 0.47421875 0.39375 0.01484375 0.059375
2 0.91171875 0.478125 0.02265625 0.065625
2 0.55625 0.4859375 0.0203125 0.06796875
2 0.428125 0.3765625 0.0140625 0.06171875
2 0.7359375 0.403125 0.02109375 0.06328125
2 0.63984375 0.43359375 0.01328125 0.0640625
2 0.82578125 0.41640625 0.01328125 0.06328125
2 0.8078125 0.51171875 0.01953125 0.06796875
2 0.8921875 0.465625 0.01796875 0.065625
3 0.44453125 0.371875 0.0125 0.0640625
2 0.08515625 0.48125 0.01640625 0.0703125
2 0.675 0.52578125 0.02109375 0.0765625
2 0.41796875 0.48046875 0.02109375 0.07109375
0 0.53125 0.30546875 0.0046875 0.009375
2 0.73828125 0.36796875 0.0140625 0.053125