0 0.40859375 0.471875 0.00625 0.01015625
2 0.6109375 0.1953125 0.0078125 0.03515625
2 0.6125 0.33359375 0.0140625 0.05
3 0.5078125 0.328125 0.0203125 0.0515625
2 0.25703125 0.25859375 0.01171875 0.04453125
2 0.5140625 0.26953125 0.0140625 0.0453125
2 0.73828125 0.2859375 0.01015625 0.0484375
2 0.66328125 0.321875 0.0140625 0.046875
2 0.63359375 0.39296875 0.015625 0.06015625
2 0.71484375 0.2578125 0.01328125 0.0453125
2 0.784375 0.3234375 0.0109375 0.05390625
2 0.12578125 0.36875 0.01328125 0.05625
2 0.39140625 0.43828125 0.025 0.05859375
2 0.659375 0.47578125 0.01953125 0.05859375
2 0.090625 0.3875 0.0171875 0.05859375
2 0.7484375 0.39921875 0.01484375 0.053125
2 0.815625 0.41640625 0.01796875 0.06015625
2 0.659375 0.87109375 0.0328125 0.090625
2 0.815625 0.53359375 0.0171875 0.07109375
2 0.56796875 0.5859375 0.02265625 0.0734375
2 0.69609375 0.53671875 0.01796875 0.07109375
2 0.88359375 0.53671875 0.01640625 0.06484375
3 0.2609375 0.19375 0.0125 0.03984375