1 0.8796875 0.3453125 0.0140625 0.0484375
2 0.51484375 0.25234375 0.009375 0.05390625
2 0.8375 0.33359375 0.01484375 0.0515625
2 0.578125 0.221875 0.0140625 0.0546875
2 0.52265625 0.2234375 0.0125 0.0484375
2 0.52109375 0.265625 0.01328125 0.053125
2 0.88671875 0.3765625 0.01171875 0.059375
2 0.55234375 0.234375 0.01328125 0.05078125
2 0.72265625 0.31015625 0.0109375 0.0484375
2 0.40625 0.31171875 0.0109375 0.06328125
2 0.3875 0.23046875 0.01015625 0.05078125
3 0.4609375 0.27578125 0.021875 0.059375
2 0.5921875 0.3296875 0.01015625 0.0515625
2 0.54609375 0.28125 0.0125 0.0609375
2 0.84296875 0.38046875 0.01484375 0.065625
2 0.703125 0.303125 0.01328125 0.05859375
2 0.790625 0.39921875 0.01171875 0.06328125
2 0.74140625 0.3234375 0.015625 0.06640625
2 0.2046875 0.3390625 0.01328125 0.07109375
2 0.16875 0.35390625 0.02109375 0.06953125
2 0.4640625 0.47109375 0.01640625 0.0765625
2 0.08515625 0.290625 0.01796875 0.06640625