0 0.4 0.3765625 0.0046875 0.0109375
3 0.13828125 0.28671875 0.00859375 0.0390625
2 0.6671875 0.3203125 0.00859375 0.0390625
2 0.44453125 0.2984375 0.0078125 0.0296875
2 0.51171875 0.27890625 0.00703125 0.034375
2 0.54921875 0.2921875 0.01015625 0.0390625
2 0.46953125 0.271875 0.00625 0.03203125
2 0.5859375 0.2921875 0.0078125 0.0359375
1 0.85703125 0.31640625 0.01171875 0.040625
2 0.3484375 0.27734375 0.00703125 0.03046875
2 0.35859375 0.27890625 0.00859375 0.034375
2 0.31328125 0.29453125 0.009375 0.03515625
3 0.44140625 0.32578125 0.009375 0.04375
2 0.58046875 0.29453125 0.00703125 0.03515625
2 0.13984375 0.3125 0.01015625 0.0453125
2 0.15625 0.3109375 0.01015625 0.04140625
2 0.1203125 0.35859375 0.0109375 0.04453125
2 0.47578125 0.30390625 0.00859375 0.04140625
2 0.12890625 0.39375 0.01015625 0.04921875
2 0.64921875 0.325 0.01171875 0.04609375
2 0.46484375 0.3265625 0.01015625 0.04140625
2 0.2515625 0.41171875 0.0234375 0.0515625
2 0.665625 0.34453125 0.0109375 0.0484375
2 0.4390625 0.34609375 0.0140625 0.0328125