1 0.21328125 0.3390625 0.00859375 0.03671875
2 0.4328125 0.3125 0.00859375 0.0359375
2 0.43828125 0.32421875 0.00703125 0.02890625
2 0.34609375 0.33125 0.01015625 0.0390625
2 0.315625 0.3390625 0.009375 0.034375
2 0.3515625 0.35859375 0.01015625 0.03828125
2 0.41875 0.36328125 0.0109375 0.0390625
2 0.728125 0.34375 0.0078125 0.0390625
2 0.30078125 0.34140625 0.00859375 0.03828125
2 0.28984375 0.37734375 0.009375 0.04140625
2 0.27890625 0.36796875 0.00859375 0.04140625
2 0.5890625 0.35390625 0.0109375 0.04453125
2 0.496875 0.33984375 0.0078125 0.03671875
3 0.46953125 0.36171875 0.01171875 0.040625
2 0.52890625 0.36640625 0.00859375 0.04375
2 0.89453125 0.38203125 0.00703125 0.0453125
2 0.85078125 0.365625 0.01328125 0.04140625
2 0.9 0.4484375 0.01640625 0.059375
2 0.86015625 0.4640625 0.01015625 0.06015625
2 0.86484375 0.48984375 0.015625 0.06484375
2 0.3671875 0.3171875 0.0109375 0.025
2 0.3765625 0.3140625 0.01171875 0.03125
0 0.3828125 0.3265625 0.003125 0.00703125
3 0.4375 0.27265625 0.00703125 0.02734375