2 0.59375 0.34921875 0.00703125 0.03046875
2 0.6203125 0.42421875 0.00859375 0.0484375
2 0.615625 0.43359375 0.01328125 0.0421875
2 0.8234375 0.43359375 0.00859375 0.04375
2 0.52109375 0.3734375 0.00625 0.03125
2 0.4078125 0.3703125 0.00703125 0.03359375
2 0.7703125 0.39296875 0.00859375 0.0359375
2 0.74765625 0.403125 0.01015625 0.0390625
3 0.6546875 0.40625 0.0109375 0.04140625
2 0.41796875 0.50703125 0.01171875 0.05390625
2 0.64296875 0.50234375 0.009375 0.053125
2 0.86796875 0.52578125 0.01171875 0.05703125
2 0.34140625 0.396875 0.00859375 0.04140625
2 0.4328125 0.42890625 0.009375 0.04140625
1 0.08046875 0.459375 0.0171875 0.04609375
2 0.82265625 0.53125 0.01328125 0.0609375
2 0.2046875 0.446875 0.00859375 0.0453125
2 0.47109375 0.6234375 0.0140625 0.065625
2 0.41953125 0.59453125 0.01484375 0.06328125
2 0.85546875 0.58046875 0.015625 0.06171875
2 0.45390625 0.53125 0.01484375 0.0515625
0 0.25546875 0.5375 0.0078125 0.01484375
2 0.315625 0.43359375 0.01484375 0.03828125
3 0.36796875 0.32421875 0.00703125 0.02890625