2 0.6515625 0.35390625 0.00703125 0.0296875
2 0.47109375 0.3734375 0.009375 0.0359375
2 0.80078125 0.403125 0.01015625 0.03515625
3 0.6515625 0.41171875 0.01328125 0.040625
2 0.56484375 0.38125 0.00859375 0.03515625
1 0.08515625 0.490625 0.0125 0.046875
2 0.80859375 0.42421875 0.009375 0.03515625
2 0.3203125 0.39609375 0.0078125 0.03515625
2 0.46875 0.45390625 0.00859375 0.04609375
2 0.68515625 0.44296875 0.00859375 0.04453125
2 0.63046875 0.4375 0.009375 0.0453125
2 0.20078125 0.46796875 0.0125 0.04140625
2 0.24453125 0.47109375 0.009375 0.04921875
2 0.8421875 0.4375 0.01171875 0.04140625
2 0.65390625 0.52890625 0.01171875 0.0546875
2 0.4109375 0.50703125 0.0140625 0.05390625
2 0.84375 0.56171875 0.0140625 0.06171875
2 0.865625 0.53671875 0.01484375 0.05703125
2 0.59765625 0.6890625 0.015625 0.078125
2 0.58046875 0.57109375 0.01796875 0.05859375
2 0.890625 0.6078125 0.015625 0.06796875
2 0.471875 0.61640625 0.01171875 0.071875
0 0.09453125 0.51796875 0.00546875 0.01171875
3 0.41796875 0.32578125 0.00703125 0.028125