3 0.11171875 0.26953125 0.00859375 0.03359375
1 0.83359375 0.34296875 0.01640625 0.0359375
2 0.653125 0.35546875 0.0125 0.03984375
2 0.35 0.334375 0.009375 0.04296875
3 0.4765625 0.3796875 0.009375 0.04609375
2 0.52578125 0.4140625 0.0109375 0.04609375
2 0.40703125 0.45703125 0.00859375 0.05625
2 0.39921875 0.453125 0.015625 0.05703125
2 0.146875 0.46640625 0.01171875 0.059375
2 0.67734375 0.3625 0.01640625 0.03984375
2 0.20234375 0.74296875 0.01484375 0.0765625
2 0.7296875 0.4109375 0.0171875 0.046875
2 0.5640625 0.3890625 0.01484375 0.046875
2 0.5109375 0.36640625 0.01640625 0.046875
2 0.54453125 0.44375 0.01015625 0.05390625
2 0.11171875 0.60234375 0.01796875 0.07109375
2 0.16484375 0.45390625 0.01640625 0.053125
2 0.42578125 0.50703125 0.0125 0.05859375
2 0.73984375 0.51171875 0.01484375 0.05390625
2 0.13203125 0.72109375 0.02109375 0.084375
2 0.38515625 0.59453125 0.0234375 0.06015625
2 0.659375 0.34921875 0.0109375 0.0375
2 0.65 0.3453125 0.015625 0.046875