2 0.6765625 0.41796875 0.01171875 0.03984375
2 0.88359375 0.48046875 0.015625 0.0453125
2 0.62265625 0.421875 0.00703125 0.04296875
2 0.86484375 0.48671875 0.01171875 0.0484375
2 0.5296875 0.47890625 0.01328125 0.04609375
2 0.575 0.5015625 0.0078125 0.04921875
2 0.4171875 0.37421875 0.0078125 0.03203125
2 0.234375 0.58046875 0.009375 0.05390625
3 0.51015625 0.4515625 0.0109375 0.04375
2 0.6875 0.59453125 0.01015625 0.059375
2 0.17421875 0.4515625 0.0109375 0.04140625
2 0.19609375 0.434375 0.009375 0.04140625
2 0.4109375 0.42265625 0.0125 0.04140625
2 0.45859375 0.58359375 0.0109375 0.0546875
2 0.60390625 0.7015625 0.02109375 0.06484375
2 0.36484375 0.53046875 0.0125 0.053125
2 0.11171875 0.70703125 0.01796875 0.06953125
2 0.5359375 0.63046875 0.01171875 0.0609375
2 0.1078125 0.54140625 0.01484375 0.05390625
2 0.12890625 0.80546875 0.01796875 0.07890625
2 0.43984375 0.74296875 0.025 0.06640625
3 0.08046875 0.35625 0.01171875 0.03984375