3 0.24453125 0.26796875 0.00859375 0.0296875
2 0.66875 0.3796875 0.0125 0.0484375
2 0.67734375 0.33984375 0.0140625 0.0453125
2 0.42109375 0.40078125 0.01015625 0.0484375
2 0.68046875 0.37734375 0.01640625 0.05078125
2 0.58984375 0.3640625 0.01015625 0.04140625
2 0.5203125 0.34140625 0.00703125 0.04296875
2 0.29921875 0.3265625 0.01171875 0.04296875
2 0.15234375 0.3859375 0.01953125 0.05078125
2 0.15703125 0.43359375 0.015625 0.05546875
2 0.4296875 0.496875 0.01171875 0.05546875
2 0.38203125 0.3515625 0.01171875 0.0453125
2 0.3515625 0.97890625 0.01953125 0.040625
2 0.6046875 0.390625 0.0109375 0.046875
2 0.125 0.49453125 0.0203125 0.059375
3 0.53515625 0.43046875 0.0140625 0.05078125
2 0.45234375 0.42578125 0.01875 0.0484375
2 0.11875 0.5578125 0.0234375 0.065625
2 0.73046875 0.61640625 0.01953125 0.06328125
2 0.14375 0.73359375 0.02265625 0.07578125
2 0.77265625 0.546875 0.01484375 0.059375
2 0.496875 0.5390625 0.01640625 0.06171875
2 0.8109375 0.44765625 0.0125 0.05625
0 0.66328125 0.3421875 0.0046875 0.01015625