3 0.12578125 0.24453125 0.009375 0.03984375
2 0.5453125 0.246875 0.01171875 0.04140625
2 0.29765625 0.259375 0.01171875 0.04140625
2 0.5703125 0.27734375 0.01015625 0.03984375
2 0.56015625 0.3421875 0.0109375 0.0453125
2 0.321875 0.27421875 0.00859375 0.03515625
2 0.38203125 0.36015625 0.01015625 0.04609375
2 0.6203125 0.2921875 0.01171875 0.04375
2 0.40859375 0.290625 0.01015625 0.046875
2 0.3234375 0.3203125 0.01484375 0.040625
2 0.07265625 0.31171875 0.01015625 0.05
2 0.6953125 0.3671875 0.01015625 0.05078125
2 0.4671875 0.2984375 0.01484375 0.04296875
3 0.5265625 0.34140625 0.01171875 0.05078125
2 0.29453125 0.41875 0.01328125 0.06328125
2 0.4453125 0.55625 0.01484375 0.06953125
2 0.7046875 0.41484375 0.0140625 0.05703125
2 0.66796875 0.3953125 0.01875 0.05703125
2 0.04296875 0.46171875 0.01640625 0.06640625
2 0.2953125 0.69296875 0.02578125 0.08046875
0 0.26484375 0.28828125 0.0046875 0.009375
2 0.55859375 0.32421875 0.01015625 0.04921875
2 0.571875 0.25546875 0.0078125 0.0390625