3 0.48125 0.28984375 0.00703125 0.028125
2 0.50234375 0.35078125 0.01015625 0.03515625
2 0.634375 0.33359375 0.0078125 0.03203125
2 0.55625 0.5984375 0.01484375 0.04375
2 0.6171875 0.45078125 0.00703125 0.04296875
2 0.3953125 0.43828125 0.01015625 0.0453125
2 0.2828125 0.67421875 0.0109375 0.05078125
2 0.7875 0.39296875 0.009375 0.0390625
2 0.5140625 0.46328125 0.01015625 0.0453125
2 0.67421875 0.415625 0.00625 0.03984375
2 0.40234375 0.40703125 0.009375 0.046875
2 0.65 0.7546875 0.01484375 0.07421875
2 0.28359375 0.728125 0.01484375 0.06796875
2 0.384375 0.49609375 0.0109375 0.0484375
2 0.628125 0.4765625 0.00859375 0.05
2 0.6921875 0.5234375 0.01328125 0.0453125
1 0.1671875 0.40625 0.01015625 0.04296875
3 0.9734375 0.9625 0.0171875 0.075
2 0.37421875 0.49609375 0.00859375 0.0515625
2 0.49296875 0.39765625 0.00703125 0.03984375
3 0.4734375 0.47890625 0.0109375 0.05078125
2 0.4453125 0.5296875 0.01328125 0.05
2 0.83515625 0.5484375 0.02109375 0.053125
0 0.834375 0.5703125 0.00546875 0.01171875