2 0.3609375 0.58984375 0.01015625 0.0390625
0 0.5296875 0.72890625 0.00625 0.0109375
2 0.421875 0.3734375 0.00859375 0.040625
2 0.36328125 0.63359375 0.02265625 0.06484375
2 0.19765625 0.70546875 0.01171875 0.06484375
2 0.64296875 0.38671875 0.00859375 0.0390625
1 0.14296875 0.4125 0.01484375 0.04375
2 0.45390625 0.56328125 0.0109375 0.0515625
2 0.44140625 0.425 0.00859375 0.04453125
2 0.23671875 0.5921875 0.01015625 0.06015625
2 0.353125 0.4140625 0.01171875 0.0453125
2 0.3390625 0.42109375 0.009375 0.0453125
2 0.30390625 0.48671875 0.00859375 0.05078125
3 0.453125 0.50078125 0.01171875 0.04921875
3 0.834375 0.93984375 0.01953125 0.08125
2 0.20703125 0.609375 0.01484375 0.06171875
2 0.75703125 0.64375 0.01640625 0.0640625
2 0.4046875 0.6859375 0.0234375 0.06875
2 0.73359375 0.46796875 0.01171875 0.05
2 0.59921875 0.509375 0.015625 0.04609375
2 0.37734375 0.73984375 0.01171875 0.071875
2 0.5390625 0.7046875 0.01171875 0.06875
2 0.50625 0.57421875 0.0125 0.0546875
2 0.684375 0.62265625 0.01328125 0.06796875
3 0.45390625 0.2921875 0.009375 0.03125