2 0.80546875 0.30234375 0.009375 0.0265625
2 0.71875 0.29921875 0.00703125 0.0296875
2 0.40234375 0.40703125 0.01015625 0.046875
1 0.02109375 0.43046875 0.009375 0.04921875
2 0.884375 0.42421875 0.0140625 0.04375
2 0.56171875 0.32421875 0.00703125 0.03515625
2 0.59921875 0.37421875 0.0078125 0.03984375
2 0.40546875 0.50078125 0.01015625 0.05546875
2 0.5046875 0.45859375 0.0078125 0.046875
2 0.68046875 0.359375 0.01171875 0.03828125
2 0.62890625 0.37109375 0.009375 0.0390625
2 0.40859375 0.3671875 0.0078125 0.04140625
3 0.61171875 0.4234375 0.01171875 0.0453125
2 0.5265625 0.478125 0.01015625 0.05078125
2 0.82265625 0.5109375 0.01484375 0.0515625
2 0.409375 0.5734375 0.015625 0.05703125
2 0.80234375 0.4203125 0.01328125 0.04453125
2 0.55546875 0.70625 0.01328125 0.065625
2 0.590625 0.7078125 0.0171875 0.06953125
2 0.82421875 0.6453125 0.021875 0.06328125
2 0.88046875 0.41328125 0.0125 0.04453125
0 0.796875 0.31328125 0.003125 0.00625
3 0.4 0.28671875 0.0078125 0.03046875