2 0.73515625 0.34453125 0.00703125 0.0359375
2 0.58125 0.32265625 0.00703125 0.0359375
2 0.67109375 0.353125 0.00703125 0.0359375
2 0.76953125 0.37421875 0.00859375 0.04140625
2 0.6671875 0.39140625 0.01015625 0.03828125
2 0.30234375 0.3140625 0.0125 0.034375
2 0.7453125 0.36015625 0.0109375 0.040625
2 0.51953125 0.5890625 0.01015625 0.05390625
2 0.72421875 0.45625 0.01328125 0.04375
2 0.44921875 0.43203125 0.01171875 0.0484375
2 0.459375 0.39375 0.0078125 0.03984375
2 0.69609375 0.5171875 0.01015625 0.0546875
2 0.7859375 0.4734375 0.01015625 0.0515625
1 0.1953125 0.3953125 0.01484375 0.04609375
3 0.6296875 0.38671875 0.0109375 0.04375
2 0.3046875 0.4390625 0.00859375 0.0484375
3 0.88828125 0.9390625 0.02734375 0.090625
2 0.7109375 0.60078125 0.01640625 0.0640625
2 0.74375 0.57109375 0.01640625 0.0609375
2 0.11953125 0.53828125 0.0109375 0.06015625
2 0.62734375 0.56796875 0.0171875 0.05703125
2 0.4359375 0.828125 0.02890625 0.075
0 0.26796875 0.3796875 0.00546875 0.01171875
3 0.35859375 0.25390625 0.0078125 0.02890625