2 0.8203125 0.384375 0.01171875 0.06484375
2 0.68515625 0.37890625 0.00859375 0.04375
2 0.81796875 0.39375 0.009375 0.04921875
2 0.684375 0.41796875 0.01171875 0.04453125
2 0.78359375 0.34375 0.01015625 0.03828125
1 0.1484375 0.36796875 0.01328125 0.04453125
2 0.51171875 0.30078125 0.00859375 0.0359375
2 0.81953125 0.509375 0.01328125 0.059375
2 0.49453125 0.31875 0.00859375 0.0359375
2 0.315625 0.390625 0.01015625 0.0453125
2 0.72890625 0.51328125 0.00859375 0.053125
2 0.43125 0.490625 0.01328125 0.0546875
3 0.93359375 0.9359375 0.02109375 0.08828125
2 0.46171875 0.41953125 0.015625 0.040625
2 0.7890625 0.64453125 0.0140625 0.0703125
2 0.77578125 0.55625 0.01171875 0.059375
2 0.08984375 0.4828125 0.01171875 0.05625
3 0.5671875 0.39375 0.00859375 0.046875
2 0.82421875 0.57578125 0.01484375 0.05859375
2 0.33359375 0.5015625 0.01015625 0.06015625
2 0.465625 0.61953125 0.009375 0.0640625
2 0.7203125 0.690625 0.01796875 0.07109375
2 0.41171875 0.73984375 0.015625 0.078125
0 0.16640625 0.3859375 0.0046875 0.009375
3 0.40078125 0.2359375 0.00859375 0.0328125