2 0.115625 0.98515625 0.0171875 0.028125
2 0.5125 0.38828125 0.0109375 0.03515625
2 0.42734375 0.3703125 0.00859375 0.03515625
2 0.58828125 0.4109375 0.01328125 0.0359375
2 0.2578125 0.79375 0.01328125 0.07890625
2 0.796875 0.55703125 0.02109375 0.04921875
2 0.6234375 0.55859375 0.01640625 0.05078125
2 0.66015625 0.51953125 0.01328125 0.0515625
2 0.5375 0.42421875 0.00859375 0.04296875
2 0.34296875 0.596875 0.0125 0.06015625
2 0.33046875 0.43828125 0.01015625 0.0390625
2 0.228125 0.5421875 0.01328125 0.0546875
2 0.25625 0.72578125 0.01640625 0.071875
3 0.48984375 0.50703125 0.01328125 0.0515625
2 0.63984375 0.70390625 0.01953125 0.06875
2 0.603125 0.6828125 0.01171875 0.0640625
2 0.70546875 0.53828125 0.01171875 0.05078125
2 0.7046875 0.4671875 0.01640625 0.0453125
2 0.68515625 0.62421875 0.015625 0.05546875
2 0.62265625 0.6171875 0.01484375 0.06015625
2 0.86015625 0.60234375 0.0203125 0.0546875
2 0.52265625 0.565625 0.01171875 0.06015625
0 0.86875 0.53359375 0.0046875 0.009375
1 0.8453125 0.4296875 0.02109375 0.034375
3 0.18203125 0.32890625 0.00859375 0.0359375