2 0.7859375 0.37890625 0.0078125 0.04453125
2 0.778125 0.34609375 0.0078125 0.03671875
2 0.790625 0.36796875 0.0109375 0.04609375
2 0.74375 0.5234375 0.00859375 0.05390625
2 0.5671875 0.28125 0.00703125 0.03203125
2 0.175 0.378125 0.01484375 0.040625
2 0.7546875 0.5140625 0.01015625 0.0515625
2 0.48125 0.6234375 0.01015625 0.05859375
2 0.2953125 0.32890625 0.009375 0.03828125
2 0.790625 0.48515625 0.00859375 0.05546875
3 0.5796875 0.38125 0.00859375 0.04375
2 0.65234375 0.39609375 0.01015625 0.04375
2 0.08515625 0.45625 0.01171875 0.05
2 0.69453125 0.35859375 0.00859375 0.03671875
2 0.41875 0.3828125 0.0078125 0.04375
2 0.53046875 0.31796875 0.0078125 0.0359375
2 0.73046875 0.621875 0.01953125 0.06171875
3 0.86015625 0.92421875 0.02265625 0.08828125
2 0.35625 0.775 0.01953125 0.07421875
2 0.78125 0.57578125 0.0140625 0.059375
2 0.66953125 0.64609375 0.015625 0.06796875
2 0.3515625 0.446875 0.0125 0.053125
2 0.40703125 0.4421875 0.01328125 0.053125
0 0.18359375 0.39609375 0.00546875 0.01015625
3 0.3625 0.24140625 0.00859375 0.034375