2 0.3296875 0.3578125 0.01015625 0.03203125
1 0.90859375 0.36953125 0.009375 0.03359375
2 0.43125 0.37109375 0.01484375 0.03671875
2 0.5421875 0.321875 0.0078125 0.03359375
2 0.63828125 0.39453125 0.01484375 0.03671875
2 0.5796875 0.40390625 0.01328125 0.03671875
2 0.44140625 0.465625 0.009375 0.04609375
3 0.47890625 0.4421875 0.0140625 0.0453125
2 0.7234375 0.4109375 0.0078125 0.046875
2 0.70703125 0.55546875 0.01484375 0.04921875
2 0.3125 0.415625 0.0078125 0.04609375
2 0.5140625 0.5078125 0.00859375 0.053125
2 0.278125 0.4359375 0.0140625 0.0484375
3 0.93828125 0.75546875 0.02421875 0.078125
2 0.2140625 0.56015625 0.0109375 0.059375
2 0.7734375 0.53359375 0.01328125 0.05859375
2 0.6140625 0.51015625 0.01171875 0.0515625
2 0.62890625 0.47578125 0.01015625 0.04609375
2 0.4265625 0.48203125 0.01796875 0.04609375
2 0.54140625 0.49375 0.01484375 0.0515625
2 0.28515625 0.671875 0.02109375 0.0609375
2 0.378125 0.590625 0.01796875 0.0546875
2 0.20625 0.66875 0.0234375 0.06640625
0 0.6046875 0.47890625 0.0046875 0.0125
3 0.26875 0.25859375 0.009375 0.03359375