2 0.59921875 0.2765625 0.00859375 0.03046875
2 0.2984375 0.309375 0.01015625 0.0390625
2 0.6578125 0.39296875 0.01015625 0.04375
2 0.56953125 0.31796875 0.01015625 0.034375
2 0.79296875 0.371875 0.00859375 0.040625
2 0.75703125 0.34296875 0.00703125 0.03671875
2 0.7515625 0.52421875 0.0078125 0.05546875
2 0.74375 0.4734375 0.01015625 0.04921875
2 0.78515625 0.35859375 0.0078125 0.04140625
2 0.775 0.57734375 0.0109375 0.06015625
1 0.2109375 0.384375 0.0140625 0.0484375
2 0.10234375 0.46640625 0.01015625 0.0484375
2 0.7046875 0.353125 0.0078125 0.03671875
2 0.34296875 0.421875 0.00859375 0.04921875
2 0.45 0.38125 0.0078125 0.03984375
3 0.628125 0.3859375 0.00703125 0.04296875
2 0.796875 0.4890625 0.00859375 0.05546875
2 0.43046875 0.4171875 0.00859375 0.04921875
2 0.72421875 0.61328125 0.01640625 0.06328125
2 0.35 0.76484375 0.01953125 0.07421875
2 0.6453125 0.60390625 0.01171875 0.06328125
2 0.50859375 0.6234375 0.01328125 0.06171875
3 0.853125 0.93125 0.02578125 0.0859375
0 0.228125 0.40390625 0.00546875 0.0109375
3 0.359375 0.24453125 0.009375 0.03359375