2 0.4109375 0.328125 0.00703125 0.03125
2 0.7046875 0.3890625 0.00859375 0.0359375
2 0.40234375 0.43515625 0.00859375 0.04296875
2 0.2546875 0.475 0.00859375 0.04453125
2 0.41875 0.37890625 0.00625 0.0375
1 0.878125 0.44921875 0.01015625 0.04140625
2 0.35 0.69921875 0.0140625 0.06171875
2 0.28671875 0.4640625 0.01015625 0.04296875
3 0.36796875 0.4921875 0.009375 0.04921875
2 0.2828125 0.3953125 0.00859375 0.0390625
2 0.44453125 0.409375 0.009375 0.0390625
2 0.6671875 0.56875 0.01015625 0.05078125
2 0.35234375 0.5609375 0.01015625 0.0515625
2 0.56484375 0.67421875 0.01171875 0.05546875
2 0.62421875 0.459375 0.01015625 0.04609375
2 0.27578125 0.57421875 0.01171875 0.0546875
2 0.22109375 0.56875 0.01015625 0.05703125
2 0.26484375 0.68671875 0.01640625 0.0609375
2 0.74140625 0.7515625 0.01015625 0.06796875
3 0.9765625 0.74609375 0.0203125 0.065625
2 0.8578125 0.60859375 0.0125 0.059375
2 0.5328125 0.509375 0.0109375 0.046875
2 0.190625 0.6140625 0.01328125 0.06328125
0 0.70703125 0.41484375 0.0046875 0.0078125
3 0.25703125 0.3140625 0.00625 0.028125