2 0.8890625 0.4875 0.01015625 0.03984375
2 0.878125 0.4890625 0.0125 0.04453125
2 0.434375 0.38203125 0.00859375 0.034375
3 0.51328125 0.459375 0.00859375 0.04453125
2 0.6875 0.4265625 0.00859375 0.04375
2 0.5671875 0.48828125 0.01015625 0.04921875
2 0.60234375 0.41796875 0.0078125 0.0390625
2 0.19375 0.45625 0.0109375 0.03984375
2 0.44375 0.428125 0.0109375 0.040625
2 0.6265625 0.5109375 0.0109375 0.0515625
2 0.29453125 0.4046875 0.0125 0.03671875
2 0.640625 0.5484375 0.01484375 0.05078125
2 0.48671875 0.625 0.01171875 0.059375
2 0.178125 0.83125 0.01953125 0.08125
2 0.1328125 0.55625 0.01328125 0.05546875
2 0.64921875 0.64921875 0.01171875 0.06015625
2 0.5265625 0.6609375 0.01640625 0.06328125
2 0.41796875 0.540625 0.009375 0.053125
2 0.25390625 0.58359375 0.01171875 0.0546875
2 0.56015625 0.67109375 0.0109375 0.05703125
2 0.14921875 0.7296875 0.02109375 0.07421875
3 0.08203125 0.353125 0.00859375 0.03515625