2 0.5984375 0.29921875 0.00859375 0.03046875
2 0.5109375 0.328125 0.0078125 0.03359375
2 0.6015625 0.36171875 0.00703125 0.03515625
2 0.425 0.38125 0.0078125 0.0390625
2 0.48984375 0.446875 0.009375 0.04609375
2 0.63125 0.384375 0.00859375 0.0359375
2 0.55234375 0.39921875 0.009375 0.03984375
2 0.37265625 0.63125 0.01171875 0.06015625
2 0.5140625 0.48046875 0.009375 0.046875
2 0.69765625 0.4015625 0.01015625 0.0390625
2 0.728125 0.34140625 0.0078125 0.0359375
2 0.41640625 0.4125 0.009375 0.04375
2 0.7109375 0.453125 0.01015625 0.046875
2 0.3875 0.46171875 0.01015625 0.0484375
2 0.72265625 0.38671875 0.00703125 0.03828125
2 0.39921875 0.459375 0.00703125 0.0515625
2 0.91640625 0.475 0.00859375 0.04453125
2 0.5046875 0.4921875 0.0125 0.046875
1 0.084375 0.41328125 0.01171875 0.04453125
2 0.73125 0.68125 0.015625 0.06796875
2 0.35390625 0.79296875 0.01640625 0.0734375
0 0.903125 0.49453125 0.0046875 0.01015625
2 0.43984375 0.284375 0.00703125 0.02890625
2 0.42265625 0.375 0.00859375 0.03828125