0 0.3765625 0.61171875 0.00546875 0.01171875
2 0.44453125 0.34453125 0.00859375 0.03671875
2 0.5140625 0.3609375 0.00859375 0.04296875
2 0.4390625 0.42890625 0.00859375 0.046875
2 0.32890625 0.3625 0.00859375 0.04375
2 0.6984375 0.3515625 0.0078125 0.040625
2 0.721875 0.75 0.01796875 0.08671875
2 0.734375 0.37578125 0.01015625 0.046875
2 0.709375 0.40234375 0.01015625 0.04921875
2 0.6796875 0.36640625 0.009375 0.04140625
2 0.59609375 0.42421875 0.009375 0.04609375
2 0.28671875 0.41953125 0.01015625 0.05078125
2 0.621875 0.51015625 0.0171875 0.059375
3 0.5734375 0.41796875 0.0109375 0.04921875
2 0.38359375 0.54609375 0.01484375 0.04921875
2 0.73203125 0.4515625 0.0125 0.0546875
2 0.37265625 0.58046875 0.02890625 0.06796875
2 0.55625 0.5234375 0.01796875 0.06015625
2 0.41015625 0.50078125 0.01171875 0.05546875
2 0.61875 0.60625 0.01640625 0.065625
2 0.4046875 0.64921875 0.01796875 0.07421875
2 0.80703125 0.6171875 0.01640625 0.065625
3 0.275 0.3203125 0.009375 0.0390625