2 0.7140625 0.36484375 0.009375 0.02578125
0 0.915625 0.4265625 0.00625 0.01015625
2 0.7109375 0.39921875 0.01640625 0.040625
2 0.3703125 0.37734375 0.01171875 0.03984375
2 0.5015625 0.415625 0.0125 0.03671875
2 0.68046875 0.36328125 0.01015625 0.04375
2 0.675 0.41171875 0.0140625 0.0515625
2 0.38515625 0.37734375 0.01015625 0.0453125
2 0.32890625 0.4515625 0.01484375 0.0546875
2 0.459375 0.4015625 0.01015625 0.0453125
2 0.315625 0.46328125 0.01015625 0.05390625
2 0.421875 0.3984375 0.01328125 0.0515625
2 0.36015625 0.3890625 0.01015625 0.05078125
2 0.09375 0.396875 0.01015625 0.05390625
2 0.60625 0.44140625 0.01796875 0.05625
2 0.9515625 0.41171875 0.0125 0.0515625
2 0.63828125 0.53359375 0.0140625 0.0640625
2 0.72109375 0.4890625 0.01875 0.05703125
3 0.8421875 0.8640625 0.0203125 0.1015625
3 0.47734375 0.4515625 0.01328125 0.05546875
2 0.73359375 0.58828125 0.021875 0.065625
3 0.44375 0.29921875 0.009375 0.0390625
2 0.440625 0.34140625 0.015625 0.04453125
2 0.32890625 0.43125 0.0140625 0.0546875
2 0.50078125 0.40234375 0.01171875 0.0484375