2 0.70625 0.34921875 0.0125 0.0390625
2 0.3 0.3875 0.0078125 0.04140625
2 0.18515625 0.4015625 0.01015625 0.040625
2 0.30625 0.39296875 0.00859375 0.03984375
1 0.8703125 0.3890625 0.0109375 0.040625
2 0.63125 0.42265625 0.00859375 0.04140625
2 0.73828125 0.38203125 0.00859375 0.03671875
2 0.77109375 0.3765625 0.00859375 0.040625
2 0.13671875 0.50703125 0.01328125 0.06015625
2 0.5515625 0.55078125 0.01640625 0.05078125
2 0.8234375 0.45859375 0.00859375 0.04609375
3 0.6765625 0.37578125 0.009375 0.03984375
2 0.840625 0.43125 0.01328125 0.046875
2 0.7171875 0.4296875 0.009375 0.04296875
2 0.2859375 0.3859375 0.00703125 0.03828125
2 0.32109375 0.4515625 0.01171875 0.04921875
2 0.51875 0.41875 0.01171875 0.0484375
2 0.16484375 0.44453125 0.01328125 0.05078125
2 0.58359375 0.39296875 0.00859375 0.03984375
2 0.496875 0.4515625 0.00859375 0.0484375
2 0.14765625 0.5484375 0.01953125 0.06328125
3 0.16640625 0.35 0.00859375 0.03203125
2 0.7734375 0.3546875 0.00859375 0.03359375
0 0.778125 0.36484375 0.0046875 0.0078125