2 0.54921875 0.3515625 0.01015625 0.03828125
2 0.22578125 0.3921875 0.0078125 0.05078125
2 0.33671875 0.365625 0.009375 0.040625
2 0.58515625 0.340625 0.01328125 0.04375
2 0.56015625 0.39453125 0.01015625 0.04453125
2 0.73515625 0.35390625 0.01015625 0.04453125
2 0.28984375 0.4125 0.01015625 0.04921875
2 0.29296875 0.45546875 0.01328125 0.04921875
2 0.5390625 0.4015625 0.01015625 0.04921875
1 0.85625 0.37109375 0.01328125 0.04609375
2 0.3546875 0.403125 0.01328125 0.05078125
2 0.1375 0.4421875 0.01484375 0.05625
2 0.4796875 0.384375 0.00859375 0.04609375
3 0.44921875 0.43046875 0.009375 0.05546875
2 0.8203125 0.4734375 0.009375 0.0609375
2 0.10390625 0.5015625 0.01328125 0.06640625
2 0.1640625 0.5484375 0.0171875 0.06328125
2 0.6359375 0.446875 0.0140625 0.059375
2 0.14375 0.51484375 0.01640625 0.06875
2 0.3234375 0.50546875 0.0109375 0.0609375
2 0.48046875 0.52578125 0.01796875 0.06015625
2 0.6359375 0.5578125 0.01328125 0.06796875
0 0.73203125 0.3734375 0.00546875 0.01015625
3 0.1359375 0.35 0.01015625 0.04453125