0 0.5671875 0.44765625 0.00546875 0.01015625
2 0.35625 0.3390625 0.01015625 0.04453125
2 0.2296875 0.37109375 0.0140625 0.05
2 0.32265625 0.3328125 0.01015625 0.04375
2 0.24140625 0.3515625 0.01015625 0.04609375
2 0.46953125 0.40546875 0.01640625 0.05546875
2 0.59453125 0.38046875 0.01796875 0.05
2 0.4234375 0.34921875 0.01328125 0.05
2 0.55234375 0.42265625 0.01875 0.046875
2 0.3859375 0.41171875 0.0140625 0.0515625
2 0.33203125 0.43125 0.01875 0.05546875
2 0.8078125 0.4171875 0.0171875 0.06015625
2 0.1890625 0.41640625 0.0109375 0.05859375
2 0.40703125 0.37578125 0.01484375 0.0546875
2 0.46328125 0.59765625 0.02109375 0.06953125
2 0.1984375 0.45546875 0.01796875 0.06484375
2 0.29765625 0.403125 0.01640625 0.0546875
3 0.51171875 0.421875 0.025 0.0515625
2 0.84140625 0.55546875 0.02578125 0.071875
2 0.61875 0.57421875 0.0296875 0.06875
2 0.91328125 0.51875 0.02578125 0.06796875
2 0.2390625 0.54296875 0.02578125 0.06484375
3 0.3109375 0.29296875 0.0109375 0.040625