2 0.54921875 0.37734375 0.01484375 0.05078125
2 0.69921875 0.36171875 0.00859375 0.0453125
2 0.7515625 0.43515625 0.01171875 0.05703125
2 0.19140625 0.459375 0.0171875 0.0546875
2 0.3703125 0.34609375 0.0109375 0.0453125
2 0.79765625 0.46171875 0.01171875 0.0640625
2 0.78359375 0.4875 0.01484375 0.0640625
2 0.690625 0.46953125 0.0109375 0.05703125
2 0.7 0.56484375 0.0140625 0.0703125
3 0.5921875 0.51875 0.01328125 0.06953125
2 0.4625 0.4609375 0.01328125 0.0546875
2 0.40859375 0.4390625 0.01640625 0.053125
2 0.61015625 0.459375 0.0125 0.05859375
2 0.503125 0.6015625 0.01328125 0.07578125
2 0.19453125 0.7078125 0.01875 0.0953125
2 0.48203125 0.78125 0.02734375 0.090625
2 0.4015625 0.5234375 0.0125 0.06484375
2 0.846875 0.62578125 0.01640625 0.078125
2 0.578125 0.66796875 0.01484375 0.084375
2 0.74765625 0.6734375 0.01953125 0.084375
3 0.96328125 0.85390625 0.03046875 0.109375
0 0.2203125 0.47734375 0.00859375 0.01171875
3 0.33984375 0.29296875 0.0078125 0.0359375
2 0.6375 0.31328125 0.009375 0.0375