2 0.30390625 0.3734375 0.0109375 0.040625
2 0.49140625 0.36640625 0.00625 0.03359375
2 0.66484375 0.37421875 0.01015625 0.04375
2 0.1359375 0.45859375 0.0109375 0.053125
2 0.20703125 0.3984375 0.01171875 0.03828125
2 0.27265625 0.43125 0.01015625 0.04375
2 0.4734375 0.38671875 0.00859375 0.0390625
2 0.3171875 0.41328125 0.00859375 0.0453125
2 0.83671875 0.51015625 0.01328125 0.05703125
2 0.5734375 0.421875 0.01015625 0.0484375
2 0.13359375 0.49453125 0.01328125 0.05859375
2 0.18828125 0.56015625 0.01484375 0.05703125
1 0.85859375 0.40625 0.01015625 0.04609375
2 0.30703125 0.53046875 0.0109375 0.05390625
2 0.59921875 0.40703125 0.00859375 0.04140625
2 0.284375 0.48125 0.0140625 0.05078125
2 0.11640625 0.50703125 0.01328125 0.05859375
2 0.475 0.55703125 0.0140625 0.05859375
3 0.40078125 0.45859375 0.0109375 0.046875
2 0.6453125 0.47421875 0.01171875 0.05546875
2 0.68359375 0.653125 0.01875 0.071875
3 0.1453125 0.359375 0.01171875 0.040625
2 0.53046875 0.3484375 0.01171875 0.03828125
0 0.82265625 0.53515625 0.00703125 0.0125