2 0.10390625 0.534375 0.01640625 0.04296875
2 0.440625 0.4171875 0.0078125 0.0359375
2 0.4140625 0.45625 0.00703125 0.0359375
2 0.396875 0.49375 0.01171875 0.04140625
2 0.61640625 0.43984375 0.00859375 0.03515625
2 0.4546875 0.4640625 0.01015625 0.03828125
2 0.63046875 0.4375 0.00703125 0.03828125
2 0.27421875 0.52265625 0.00859375 0.0453125
2 0.59375 0.5453125 0.01015625 0.0484375
2 0.4171875 0.5296875 0.00859375 0.04609375
2 0.88046875 0.5546875 0.009375 0.05390625
2 0.61015625 0.5390625 0.009375 0.0484375
2 0.390625 0.590625 0.00859375 0.05078125
2 0.86328125 0.63671875 0.009375 0.0609375
2 0.403125 0.59921875 0.0109375 0.05625
2 0.21171875 0.58359375 0.01328125 0.05
3 0.9046875 0.8140625 0.0140625 0.08359375
2 0.846875 0.63671875 0.0140625 0.06328125
2 0.08125 0.54140625 0.0078125 0.04453125
2 0.090625 0.54609375 0.0109375 0.04375
1 0.359375 0.4171875 0.01015625 0.0359375
2 0.43125 0.42109375 0.01015625 0.03671875