2 0.42109375 0.41875 0.00703125 0.034375
2 0.6421875 0.44140625 0.01171875 0.03671875
2 0.6625 0.4390625 0.01171875 0.0359375
2 0.384375 0.421875 0.00703125 0.0359375
2 0.35 0.475 0.01015625 0.0390625
2 0.471875 0.4671875 0.0109375 0.04375
2 0.15078125 0.56171875 0.01796875 0.04375
3 0.41953125 0.496875 0.00859375 0.04453125
2 0.6359375 0.5515625 0.01171875 0.0515625
2 0.84921875 0.55703125 0.01015625 0.05625
2 0.41796875 0.553125 0.01171875 0.05
2 0.621875 0.55703125 0.01484375 0.05
2 0.8640625 0.62734375 0.01328125 0.06015625
2 0.8515625 0.61796875 0.0140625 0.06484375
3 0.8875 0.81484375 0.0140625 0.08515625
2 0.28828125 0.53359375 0.009375 0.0484375
2 0.43984375 0.63046875 0.0140625 0.06328125
2 0.396875 0.61640625 0.0171875 0.05390625
2 0.21640625 0.60859375 0.0203125 0.05703125
3 0.5171875 0.346875 0.00625 0.0234375
2 0.071875 0.54609375 0.0109375 0.04765625
2 0.06171875 0.553125 0.0140625 0.034375
0 0.05234375 0.57109375 0.0046875 0.00703125
1 0.325 0.4125 0.01171875 0.04140625