2 0.73046875 0.4109375 0.01171875 0.03671875
3 0.66953125 0.4078125 0.0109375 0.03203125
2 0.23359375 0.45078125 0.01328125 0.034375
2 0.8453125 0.4859375 0.01171875 0.04296875
2 0.2984375 0.41171875 0.0171875 0.03671875
2 0.83828125 0.5109375 0.01171875 0.04296875
2 0.6796875 0.42421875 0.0109375 0.03671875
2 0.5703125 0.415625 0.00859375 0.0359375
2 0.771875 0.440625 0.00859375 0.04375
2 0.6203125 0.4609375 0.01171875 0.040625
2 0.48046875 0.45625 0.0078125 0.03828125
2 0.4515625 0.43984375 0.01328125 0.04296875
2 0.7171875 0.4828125 0.01328125 0.0453125
2 0.3015625 0.46328125 0.01640625 0.04296875
2 0.6359375 0.56328125 0.01640625 0.053125
2 0.18671875 0.4921875 0.01484375 0.05078125
2 0.2109375 0.528125 0.01796875 0.05546875
1 0.92421875 0.42421875 0.0109375 0.0359375
2 0.23203125 0.41328125 0.01171875 0.0390625
3 0.2453125 0.36171875 0.009375 0.0296875
2 0.3140625 0.40390625 0.01328125 0.03828125
2 0.77109375 0.41953125 0.009375 0.03515625
0 0.73125 0.425 0.0046875 0.0078125
2 0.325 0.40078125 0.0125 0.0375