2 0.28125 0.4671875 0.01640625 0.0375
2 0.43984375 0.40703125 0.009375 0.0328125
2 0.2609375 0.47734375 0.0125 0.03828125
3 0.40078125 0.48671875 0.00859375 0.04296875
2 0.184375 0.48671875 0.00859375 0.040625
2 0.42265625 0.4171875 0.01015625 0.0359375
2 0.40234375 0.50546875 0.01015625 0.04453125
2 0.08984375 0.55078125 0.01171875 0.046875
2 0.6375 0.4328125 0.00703125 0.03984375
2 0.11953125 0.528125 0.0125 0.04921875
2 0.603125 0.43046875 0.00859375 0.03828125
2 0.8890625 0.6515625 0.01015625 0.06953125
2 0.228125 0.5625 0.0125 0.053125
2 0.90546875 0.540625 0.01328125 0.053125
2 0.5875 0.52890625 0.01015625 0.053125
2 0.43828125 0.59921875 0.01328125 0.05859375
2 0.9109375 0.6609375 0.01328125 0.06875
2 0.41171875 0.59765625 0.0171875 0.053125
2 0.57265625 0.5390625 0.01171875 0.05078125
3 0.94296875 0.8390625 0.01484375 0.09140625
2 0.2765625 0.45625 0.00859375 0.03984375
1 0.3390625 0.4171875 0.015625 0.034375
2 0.43203125 0.4171875 0.009375 0.0375
3 0.525 0.33828125 0.00703125 0.02890625