2 0.6375 0.19375 0.00859375 0.059375
2 0.6453125 0.17734375 0.0109375 0.046875
2 0.63203125 0.20078125 0.01015625 0.053125
2 0.60625 0.17734375 0.0140625 0.04921875
3 0.190625 0.165625 0.01171875 0.05
2 0.4328125 0.178125 0.01328125 0.046875
2 0.46328125 0.2109375 0.0125 0.059375
2 0.559375 0.209375 0.01484375 0.06015625
2 0.49375 0.20859375 0.01484375 0.0546875
2 0.28203125 0.203125 0.01953125 0.05078125
2 0.7546875 0.2109375 0.01328125 0.059375
2 0.29609375 0.2640625 0.01171875 0.06640625
2 0.59609375 0.23359375 0.01640625 0.05703125
2 0.7890625 0.24921875 0.0109375 0.06796875
2 0.259375 0.2015625 0.01171875 0.0609375
2 0.8296875 0.33203125 0.01015625 0.078125
2 0.75078125 0.29609375 0.01328125 0.06875
2 0.190625 0.26875 0.02109375 0.06796875
2 0.4609375 0.27421875 0.02109375 0.059375
3 0.553125 0.26015625 0.01484375 0.0703125
2 0.24765625 0.35703125 0.01796875 0.084375