2 0.7078125 0.1796875 0.01796875 0.05390625
2 0.7 0.20390625 0.0140625 0.06328125
2 0.68671875 0.19375 0.01640625 0.065625
2 0.7375 0.2234375 0.0203125 0.0546875
2 0.73828125 0.275 0.021875 0.08125
2 0.44921875 0.14921875 0.009375 0.06015625
2 0.79765625 0.22578125 0.0109375 0.07421875
2 0.2015625 0.19453125 0.01328125 0.0703125
2 0.3046875 0.1984375 0.01484375 0.065625
2 0.57890625 0.203125 0.02109375 0.05703125
2 0.2953125 0.2578125 0.01640625 0.06953125
2 0.4171875 0.2 0.015625 0.0703125
2 0.81796875 0.26171875 0.01328125 0.07421875
2 0.51484375 0.22890625 0.025 0.05703125
2 0.6171875 0.221875 0.01953125 0.07109375
3 0.4640625 0.2640625 0.01953125 0.0796875
2 0.48359375 0.2265625 0.015625 0.06875
2 0.20859375 0.253125 0.01328125 0.07890625
2 0.3921875 0.3484375 0.02421875 0.07578125
2 0.88046875 0.31484375 0.01796875 0.0796875
3 0.1828125 0.13046875 0.01484375 0.0671875
2 0.6890625 0.17578125 0.0203125 0.06328125