3 0.2390625 0.23671875 0.009375 0.03984375
2 0.5265625 0.3421875 0.01328125 0.05234375
2 0.6140625 0.284375 0.01171875 0.03671875
2 0.625 0.29140625 0.01484375 0.04453125
2 0.6 0.27421875 0.01484375 0.04140625
2 0.52734375 0.36953125 0.0125 0.0546875
2 0.6984375 0.2890625 0.01015625 0.0453125
3 0.48359375 0.309375 0.01328125 0.04921875
2 0.48125 0.265625 0.01015625 0.04140625
2 0.6359375 0.3359375 0.0109375 0.053125
2 0.25 0.29296875 0.009375 0.04609375
2 0.51328125 0.409375 0.01171875 0.06171875
2 0.3359375 0.3859375 0.01953125 0.0546875
2 0.5578125 0.415625 0.0140625 0.06171875
2 0.16953125 0.3515625 0.01171875 0.05625
2 0.746875 0.34375 0.01171875 0.053125
2 0.33203125 0.47421875 0.01640625 0.07421875
2 0.696875 0.38828125 0.01640625 0.06328125
2 0.803125 0.53125 0.01640625 0.07578125
2 0.6953125 0.55 0.01953125 0.08125
2 0.81171875 0.39609375 0.015625 0.0640625
2 0.5359375 0.51875 0.0203125 0.0703125
0 0.178125 0.3671875 0.00546875 0.0109375