3 0.215625 0.22109375 0.01015625 0.04140625
0 0.790625 0.32109375 0.00625 0.01171875
2 0.34375 0.24375 0.00859375 0.0390625
2 0.1140625 0.45390625 0.01796875 0.071875
2 0.40546875 0.27890625 0.01328125 0.04140625
2 0.25859375 0.27890625 0.01171875 0.04609375
2 0.10390625 0.47421875 0.01328125 0.0640625
2 0.63046875 0.26015625 0.01015625 0.04453125
2 0.2765625 0.321875 0.01953125 0.05
2 0.153125 0.30703125 0.01328125 0.0515625
2 0.678125 0.25234375 0.0171875 0.03984375
2 0.55546875 0.31640625 0.0125 0.04921875
2 0.52421875 0.409375 0.02265625 0.065625
2 0.68125 0.31484375 0.01796875 0.040625
2 0.19765625 0.3546875 0.01484375 0.0609375
2 0.50625 0.47578125 0.0234375 0.06796875
2 0.44375 0.396875 0.0203125 0.06171875
2 0.17734375 0.4 0.02265625 0.06484375
3 0.31953125 0.40625 0.01796875 0.06875
2 0.35234375 0.72578125 0.02578125 0.10625
2 0.9078125 0.3484375 0.01015625 0.05859375
2 0.87578125 0.55859375 0.025 0.08984375