2 0.18515625 0.2578125 0.01328125 0.046875
0 0.81875 0.559375 0.0078125 0.01171875
2 0.15234375 0.31640625 0.01640625 0.053125
2 0.53671875 0.7234375 0.03828125 0.10703125
2 0.28359375 0.33671875 0.01171875 0.06015625
2 0.58671875 0.25859375 0.01171875 0.0484375
2 0.46171875 0.36875 0.0171875 0.05859375
2 0.44140625 0.3765625 0.0234375 0.06171875
2 0.68203125 0.3515625 0.0203125 0.0640625
2 0.49921875 0.3046875 0.01484375 0.0515625
2 0.78515625 0.41328125 0.01640625 0.0703125
3 0.2515625 0.434375 0.01484375 0.078125
2 0.51796875 0.47734375 0.01796875 0.07890625
2 0.12109375 0.453125 0.01484375 0.078125
2 0.275 0.4046875 0.021875 0.06875
2 0.159375 0.66328125 0.02265625 0.1
2 0.42109375 0.48203125 0.02109375 0.08125
2 0.03046875 0.60234375 0.02421875 0.096875
2 0.5765625 0.74453125 0.0359375 0.11015625
2 0.85859375 0.53203125 0.0171875 0.0859375
2 0.07421875 0.453125 0.028125 0.08359375
2 0.38359375 0.59609375 0.03203125 0.0890625
3 0.12890625 0.22578125 0.0109375 0.046875