2 0.61796875 0.23203125 0.00859375 0.0375
2 0.75703125 0.296875 0.01171875 0.0515625
2 0.684375 0.265625 0.01015625 0.04609375
2 0.5734375 0.228125 0.0109375 0.03671875
2 0.70703125 0.2765625 0.0125 0.04375
2 0.76953125 0.30625 0.01015625 0.04609375
2 0.54609375 0.26796875 0.00859375 0.04609375
2 0.6921875 0.2921875 0.00859375 0.04921875
3 0.5203125 0.259375 0.009375 0.046875
2 0.64140625 0.28828125 0.009375 0.04921875
2 0.75 0.33046875 0.01328125 0.053125
2 0.3546875 0.240625 0.00859375 0.03828125
2 0.14296875 0.31328125 0.009375 0.053125
2 0.79140625 0.334375 0.01015625 0.05078125
2 0.40625 0.31796875 0.01015625 0.053125
2 0.7109375 0.37734375 0.01328125 0.05859375
2 0.1765625 0.3140625 0.0109375 0.05546875
2 0.496875 0.3234375 0.015625 0.053125
2 0.1609375 0.3859375 0.0171875 0.065625
1 0.825 0.29296875 0.01171875 0.04296875
2 0.621875 0.2265625 0.00859375 0.0375
3 0.03046875 0.2453125 0.0125 0.05703125