2 0.35 0.28359375 0.0140625 0.0359375
1 0.92578125 0.3125 0.01015625 0.04921875
2 0.3203125 0.26875 0.01171875 0.034375
2 0.70390625 0.2484375 0.0109375 0.0390625
2 0.22734375 0.31640625 0.01015625 0.04609375
2 0.36015625 0.31953125 0.01328125 0.04921875
2 0.65078125 0.31796875 0.01171875 0.0453125
2 0.2359375 0.34453125 0.0125 0.05078125
2 0.62421875 0.31875 0.01328125 0.0390625
2 0.61484375 0.27734375 0.009375 0.04375
2 0.8125 0.31484375 0.009375 0.0484375
2 0.75390625 0.35078125 0.01328125 0.05078125
2 0.65859375 0.43046875 0.01171875 0.05703125
2 0.19375 0.39140625 0.01484375 0.05546875
2 0.5515625 0.37421875 0.0109375 0.05390625
2 0.53671875 0.375 0.0125 0.05703125
3 0.40078125 0.3640625 0.01171875 0.05703125
2 0.234375 0.52890625 0.01875 0.0765625
2 0.896875 0.48984375 0.01640625 0.07578125
2 0.60546875 0.68046875 0.01953125 0.0984375
2 0.1953125 0.4796875 0.0234375 0.06875
3 0.19296875 0.24609375 0.01171875 0.04296875
2 0.359375 0.246875 0.01171875 0.0375
0 0.66328125 0.34296875 0.00546875 0.01015625