2 0.59296875 0.66875 0.02734375 0.046875
2 0.23828125 0.35390625 0.0125 0.04453125
3 0.975 0.671875 0.028125 0.078125
2 0.28984375 0.36171875 0.009375 0.04375
2 0.5015625 0.31640625 0.009375 0.0390625
2 0.31875 0.4171875 0.0109375 0.0546875
2 0.43359375 0.33125 0.00859375 0.04140625
2 0.59296875 0.38203125 0.01015625 0.053125
2 0.2078125 0.44296875 0.0109375 0.06015625
1 0.93984375 0.40546875 0.0125 0.0546875
2 0.196875 0.43359375 0.01328125 0.059375
3 0.30625 0.453125 0.01328125 0.06015625
2 0.73671875 0.55 0.01640625 0.071875
2 0.75390625 0.46796875 0.02109375 0.05546875
2 0.671875 0.63359375 0.0265625 0.07890625
2 0.12578125 0.59453125 0.01953125 0.08046875
2 0.75 0.628125 0.0203125 0.0609375
2 0.58359375 0.396875 0.0125 0.05546875
2 0.91015625 0.590625 0.02265625 0.07890625
2 0.8140625 0.66640625 0.01796875 0.08671875
2 0.29609375 0.63046875 0.0203125 0.0859375
2 0.14609375 0.71171875 0.02265625 0.09296875
0 0.746875 0.4890625 0.00703125 0.01328125
2 0.30703125 0.309375 0.0125 0.03984375
3 0.21484375 0.27734375 0.00859375 0.03515625