2 0.61640625 0.1953125 0.0203125 0.05859375
3 0.22890625 0.128125 0.0140625 0.06171875
2 0.61015625 0.2109375 0.02578125 0.07109375
2 0.55859375 0.1640625 0.02109375 0.05625
2 0.39375 0.19375 0.01796875 0.06953125
2 0.33203125 0.18828125 0.0140625 0.06640625
2 0.4484375 0.190625 0.0125 0.065625
2 0.29140625 0.24140625 0.0140625 0.07109375
2 0.5140625 0.17890625 0.01328125 0.06015625
2 0.54375 0.1921875 0.0171875 0.06171875
2 0.26875 0.18671875 0.01328125 0.07109375
2 0.67578125 0.17578125 0.021875 0.06484375
2 0.78203125 0.20546875 0.01328125 0.06953125
2 0.3 0.30234375 0.01953125 0.084375
3 0.45703125 0.26484375 0.01796875 0.0796875
2 0.48046875 0.22578125 0.01328125 0.0734375
2 0.23671875 0.240625 0.01953125 0.075
2 0.80546875 0.253125 0.02265625 0.0765625
2 0.6578125 0.21328125 0.02734375 0.06328125
2 0.76796875 0.32578125 0.0171875 0.084375
2 0.70390625 0.284375 0.03046875 0.078125
2 0.39296875 0.1578125 0.02109375 0.0625
0 0.56640625 0.13828125 0.0046875 0.009375