2 0.47421875 0.20234375 0.00859375 0.03984375
3 0.29765625 0.19765625 0.01171875 0.046875
2 0.2890625 0.240625 0.01015625 0.0484375
2 0.20546875 0.36640625 0.01328125 0.06796875
2 0.70234375 0.26484375 0.015625 0.0515625
2 0.54921875 0.2578125 0.0125 0.04921875
2 0.584375 0.2875 0.01484375 0.05078125
3 0.36875 0.37734375 0.0125 0.071875
2 0.57109375 0.49609375 0.01484375 0.08125
2 0.38046875 0.28203125 0.01015625 0.0546875
2 0.23125 0.30625 0.01328125 0.05859375
2 0.6234375 0.309375 0.0109375 0.059375
2 0.353125 0.25390625 0.01640625 0.0484375
2 0.253125 0.3109375 0.01484375 0.05703125
2 0.83203125 0.37734375 0.01640625 0.065625
2 0.5234375 0.43984375 0.02265625 0.07578125
2 0.39765625 0.34296875 0.01796875 0.0515625
2 0.3921875 0.41640625 0.01484375 0.071875
2 0.890625 0.54453125 0.01953125 0.09375
2 0.13515625 0.47265625 0.02109375 0.08046875
2 0.175 0.5859375 0.01953125 0.0953125
2 0.41796875 0.7203125 0.03515625 0.10703125
0 0.74140625 0.3265625 0.00703125 0.01328125