2 0.28984375 0.2609375 0.009375 0.0390625
2 0.19765625 0.28984375 0.009375 0.04453125
2 0.32109375 0.27890625 0.009375 0.03984375
2 0.209375 0.3171875 0.0109375 0.046875
1 0.965625 0.34296875 0.0125 0.0484375
0 0.83203125 0.55859375 0.00703125 0.0109375
2 0.44296875 0.27734375 0.01015625 0.04140625
2 0.61875 0.30078125 0.00859375 0.04453125
2 0.48203125 0.26796875 0.00859375 0.04296875
2 0.15859375 0.37421875 0.01171875 0.05625
2 0.1234375 0.609375 0.0296875 0.07578125
2 0.58671875 0.28203125 0.009375 0.046875
2 0.1453125 0.35625 0.01171875 0.05625
2 0.24296875 0.4203125 0.01796875 0.06328125
3 0.28828125 0.375 0.01328125 0.059375
2 0.31328125 0.52109375 0.01640625 0.075
2 0.42890625 0.390625 0.01640625 0.05546875
2 0.4328125 0.4859375 0.01640625 0.06171875
2 0.603125 0.4359375 0.01328125 0.0640625
2 0.27734375 0.78203125 0.028125 0.1015625
2 0.51484375 0.43515625 0.01875 0.06328125
2 0.684375 0.4921875 0.01484375 0.06796875
2 0.896875 0.5234375 0.0203125 0.0765625