2 0.31640625 0.9734375 0.02578125 0.05078125
2 0.16015625 0.24296875 0.01015625 0.04296875
2 0.109375 0.34375 0.01171875 0.03359375
2 0.15625 0.27578125 0.01171875 0.04453125
2 0.284375 0.30546875 0.01015625 0.05078125
0 0.6625 0.57109375 0.00703125 0.01171875
2 0.59140625 0.24140625 0.009375 0.04140625
2 0.4953125 0.33203125 0.01640625 0.05390625
2 0.50703125 0.28671875 0.01171875 0.05078125
1 0.9359375 0.31875 0.0140625 0.0546875
2 0.11171875 0.43359375 0.01484375 0.05703125
2 0.5375 0.35703125 0.01328125 0.05859375
2 0.11796875 0.378125 0.01953125 0.05546875
2 0.47578125 0.415625 0.01328125 0.06640625
2 0.6671875 0.31796875 0.01015625 0.05390625
2 0.453125 0.375 0.0125 0.05703125
2 0.259375 0.34609375 0.0140625 0.0546875
2 0.48359375 0.47734375 0.01484375 0.075
2 0.38828125 0.61796875 0.03046875 0.0890625
2 0.34609375 0.51015625 0.0234375 0.0703125
2 0.8875 0.53125 0.01875 0.0890625
3 0.28828125 0.38125 0.01484375 0.06484375
2 0.66875 0.39375 0.01328125 0.0703125
2 0.64375 0.69140625 0.02109375 0.10078125
3 0.10546875 0.228125 0.0109375 0.04609375