0 0.4703125 0.2 0.00546875 0.0109375
2 0.50234375 0.140625 0.01484375 0.0515625
2 0.54453125 0.1984375 0.01640625 0.05703125
2 0.72578125 0.2546875 0.01640625 0.071875
2 0.43046875 0.17109375 0.0203125 0.0484375
2 0.3859375 0.17890625 0.01953125 0.0515625
2 0.56328125 0.15859375 0.015625 0.0546875
2 0.36875 0.203125 0.01796875 0.0640625
2 0.57578125 0.1828125 0.0140625 0.06171875
2 0.07734375 0.21328125 0.0140625 0.07109375
2 0.5359375 0.22890625 0.01875 0.06484375
2 0.33359375 0.19375 0.0171875 0.06328125
2 0.18671875 0.21640625 0.01953125 0.06640625
2 0.21171875 0.2890625 0.01171875 0.0796875
3 0.346875 0.2546875 0.02421875 0.07109375
2 0.0828125 0.2921875 0.01875 0.0765625
2 0.4234375 0.25390625 0.0234375 0.07421875
2 0.47734375 0.4109375 0.02890625 0.09375
2 0.69609375 0.21328125 0.02421875 0.06640625
2 0.6 0.246875 0.02578125 0.071875
2 0.56953125 0.284375 0.02734375 0.06796875
2 0.79453125 0.30625 0.015625 0.07578125