2 0.5125 0.28046875 0.01015625 0.03515625
2 0.62109375 0.31328125 0.015625 0.03203125
2 0.57578125 0.290625 0.00703125 0.02578125
2 0.5015625 0.29296875 0.00703125 0.0359375
2 0.46328125 0.29609375 0.00703125 0.03046875
2 0.68984375 0.4421875 0.009375 0.046875
2 0.48671875 0.42734375 0.009375 0.046875
2 0.4796875 0.3109375 0.00703125 0.03515625
3 0.48359375 0.38359375 0.00859375 0.040625
2 0.77890625 0.3203125 0.01171875 0.03671875
2 0.42265625 0.346875 0.01171875 0.034375
2 0.77421875 0.375 0.009375 0.04609375
2 0.37421875 0.31875 0.00703125 0.03515625
2 0.221875 0.45703125 0.00859375 0.04453125
2 0.403125 0.35859375 0.01953125 0.04140625
2 0.30078125 0.375 0.00703125 0.04453125
2 0.6125 0.35234375 0.00859375 0.0359375
2 0.7015625 0.521875 0.009375 0.05078125
2 0.7328125 0.446875 0.01015625 0.0484375
2 0.33203125 0.4078125 0.01328125 0.0453125
1 0.09453125 0.38515625 0.01171875 0.04609375
2 0.378125 0.53046875 0.01328125 0.05625
0 0.5703125 0.3 0.00390625 0.0078125
3 0.390625 0.26875 0.0078125 0.03125