0 0.79921875 0.5109375 0.00546875 0.0109375
2 0.55546875 0.384375 0.00859375 0.04296875
2 0.51328125 0.28203125 0.00625 0.028125
2 0.7171875 0.32109375 0.0078125 0.03203125
2 0.46015625 0.30625 0.01015625 0.03203125
2 0.4125 0.378125 0.0078125 0.04296875
1 0.225 0.36875 0.00859375 0.04296875
2 0.3953125 0.390625 0.01015625 0.040625
2 0.82578125 0.4234375 0.0109375 0.0390625
2 0.3859375 0.44296875 0.01171875 0.0484375
2 0.34453125 0.47578125 0.01171875 0.053125
2 0.35625 0.42890625 0.00703125 0.04375
2 0.54765625 0.4046875 0.009375 0.04296875
2 0.43515625 0.46328125 0.00859375 0.04375
2 0.18984375 0.7484375 0.01484375 0.06328125
2 0.6921875 0.47578125 0.0109375 0.04375
2 0.31640625 0.5515625 0.0140625 0.05859375
2 0.59375 0.678125 0.01484375 0.07109375
3 0.39296875 0.51796875 0.0125 0.05546875
2 0.39375 0.6390625 0.0140625 0.06328125
2 0.51640625 0.50859375 0.01015625 0.05703125
2 0.734375 0.6140625 0.01484375 0.06015625
2 0.88984375 0.97421875 0.021875 0.05
2 0.3109375 0.621875 0.0171875 0.06484375
3 0.5078125 0.25078125 0.009375 0.03515625