2 0.31015625 0.39453125 0.009375 0.0359375
2 0.540625 0.290625 0.0078125 0.0296875
2 0.31640625 0.4015625 0.00625 0.04140625
2 0.334375 0.35234375 0.01015625 0.03203125
2 0.446875 0.309375 0.00703125 0.028125
2 0.54375 0.328125 0.00546875 0.02890625
2 0.6578125 0.3546875 0.00859375 0.028125
2 0.7078125 0.32578125 0.01015625 0.034375
2 0.48984375 0.34375 0.00625 0.0359375
1 0.109375 0.40703125 0.01328125 0.04375
2 0.4609375 0.29453125 0.00625 0.03125
2 0.275 0.415625 0.00859375 0.0390625
2 0.53515625 0.34609375 0.00859375 0.03671875
2 0.44453125 0.38828125 0.009375 0.0390625
2 0.25625 0.44609375 0.00703125 0.03984375
2 0.67578125 0.5828125 0.0125 0.05859375
3 0.3921875 0.44453125 0.0078125 0.04609375
2 0.67734375 0.45078125 0.0140625 0.04453125
2 0.8546875 0.3984375 0.00859375 0.04453125
2 0.4234375 0.43828125 0.01015625 0.04453125
2 0.325 0.5484375 0.00859375 0.05
2 0.37421875 0.6265625 0.01484375 0.06015625
3 0.39296875 0.2828125 0.00625 0.02734375
0 0.76953125 0.378125 0.00546875 0.01015625