3 0.46640625 0.203125 0.009375 0.03203125
2 0.6765625 0.27109375 0.00703125 0.03203125
0 0.89296875 0.51328125 0.00625 0.01015625
2 0.42265625 0.26953125 0.01171875 0.03671875
2 0.3703125 0.34609375 0.009375 0.04453125
2 0.5078125 0.35390625 0.0109375 0.04375
2 0.5203125 0.38125 0.01015625 0.0515625
2 0.3953125 0.3296875 0.00703125 0.040625
1 0.13671875 0.3546875 0.0125 0.05078125
2 0.4375 0.50078125 0.0140625 0.05859375
2 0.55625 0.46796875 0.0109375 0.06328125
2 0.7203125 0.415625 0.0109375 0.05
2 0.4078125 0.38828125 0.01328125 0.04609375
3 0.38515625 0.475 0.01640625 0.05390625
2 0.37734375 0.38671875 0.01171875 0.05078125
2 0.71171875 0.6109375 0.01171875 0.06796875
2 0.41015625 0.85625 0.0171875 0.0765625
2 0.2953125 0.4765625 0.01328125 0.059375
2 0.521875 0.50390625 0.0140625 0.059375
2 0.2890625 0.6796875 0.02265625 0.0796875
2 0.37265625 0.51640625 0.01875 0.0609375
2 0.9203125 0.46875 0.02265625 0.05546875
2 0.775 0.6203125 0.01640625 0.071875
2 0.453125 0.21328125 0.009375 0.03203125