2 0.175 0.62890625 0.01796875 0.0484375
2 0.18671875 0.51796875 0.009375 0.04609375
2 0.4703125 0.34140625 0.00703125 0.03046875
2 0.3453125 0.4 0.0078125 0.040625
2 0.44453125 0.428125 0.00859375 0.04375
2 0.30546875 0.44140625 0.00859375 0.04609375
2 0.33515625 0.40234375 0.00859375 0.03828125
2 0.61640625 0.49609375 0.009375 0.046875
2 0.32421875 0.45390625 0.0109375 0.04296875
2 0.60234375 0.3234375 0.00859375 0.03515625
2 0.79453125 0.4265625 0.009375 0.0453125
2 0.6234375 0.49921875 0.00859375 0.05546875
2 0.48046875 0.36171875 0.00859375 0.03359375
3 0.44453125 0.4828125 0.009375 0.046875
2 0.35234375 0.63203125 0.0140625 0.05703125
3 0.85390625 0.9515625 0.02578125 0.08125
2 0.3296875 0.57265625 0.01953125 0.0546875
2 0.74296875 0.590625 0.015625 0.0546875
2 0.80390625 0.63046875 0.02421875 0.0609375
1 0.26796875 0.3453125 0.009375 0.0390625
0 0.1640625 0.6265625 0.009375 0.009375
2 0.15078125 0.6078125 0.01484375 0.0546875
2 0.1578125 0.603125 0.01640625 0.0390625
2 0.16953125 0.6078125 0.01484375 0.04375
3 0.515625 0.2453125 0.00625 0.0234375