2 0.31953125 0.43359375 0.01015625 0.040625
2 0.45234375 0.32578125 0.00625 0.0296875
3 0.92265625 0.93203125 0.02109375 0.0765625
2 0.290625 0.67890625 0.01640625 0.059375
2 0.278125 0.68046875 0.0296875 0.05390625
1 0.23203125 0.35390625 0.0140625 0.034375
2 0.33203125 0.40703125 0.0078125 0.0390625
2 0.25234375 0.51640625 0.0125 0.04453125
2 0.353125 0.44765625 0.0109375 0.0453125
2 0.590625 0.29609375 0.01015625 0.03203125
2 0.45546875 0.40703125 0.01328125 0.04375
2 0.3640625 0.38359375 0.01171875 0.04140625
2 0.75234375 0.36640625 0.00703125 0.03671875
2 0.4640625 0.33125 0.00859375 0.034375
2 0.575 0.45390625 0.01015625 0.040625
3 0.4359375 0.47109375 0.01015625 0.04609375
2 0.1765625 0.62421875 0.0234375 0.04921875
2 0.4078125 0.58359375 0.01484375 0.06015625
2 0.76015625 0.52890625 0.01015625 0.046875
2 0.34140625 0.53671875 0.01171875 0.05625
2 0.58984375 0.446875 0.009375 0.0484375
2 0.15390625 0.6828125 0.02421875 0.053125
2 0.88359375 0.59609375 0.01328125 0.059375
3 0.49375 0.23984375 0.0078125 0.03125