2 0.50078125 0.27265625 0.00625 0.02890625
2 0.41796875 0.36484375 0.00703125 0.03671875
2 0.70078125 0.31328125 0.00703125 0.028125
2 0.5515625 0.371875 0.00859375 0.0390625
2 0.465625 0.29609375 0.0078125 0.03125
2 0.5734375 0.3625 0.00859375 0.034375
2 0.40546875 0.3921875 0.00859375 0.0453125
1 0.2390625 0.37265625 0.0125 0.04140625
2 0.709375 0.41640625 0.0078125 0.03984375
2 0.39609375 0.4015625 0.00859375 0.04375
2 0.37265625 0.42265625 0.00859375 0.04375
2 0.46953125 0.41015625 0.0078125 0.0390625
2 0.5375 0.428125 0.01171875 0.03984375
2 0.35859375 0.434375 0.01015625 0.04453125
3 0.3984375 0.48046875 0.01015625 0.046875
2 0.72890625 0.51328125 0.01484375 0.0390625
2 0.37890625 0.53671875 0.009375 0.053125
2 0.20859375 0.75234375 0.01484375 0.06171875
2 0.79296875 0.428125 0.01484375 0.0453125
2 0.3078125 0.534375 0.01328125 0.05
3 0.8796875 0.97421875 0.01875 0.0515625
2 0.48828125 0.5984375 0.015625 0.05703125
2 0.69453125 0.6578125 0.01484375 0.06796875
3 0.49765625 0.253125 0.00703125 0.02734375
0 0.74140625 0.48671875 0.0046875 0.009375