2 0.5859375 0.29296875 0.009375 0.03125
2 0.49765625 0.31640625 0.00859375 0.03359375
2 0.43984375 0.35078125 0.01171875 0.03984375
2 0.31015625 0.3921875 0.01171875 0.04765625
2 0.4875 0.2859375 0.0078125 0.03203125
2 0.371875 0.3265625 0.00859375 0.0296875
2 0.52734375 0.32578125 0.01015625 0.03984375
2 0.3609375 0.35703125 0.01171875 0.03671875
2 0.7921875 0.3203125 0.0078125 0.03515625
1 0.14296875 0.3796875 0.0109375 0.04296875
2 0.2765625 0.4109375 0.0109375 0.040625
2 0.29375 0.37421875 0.01015625 0.04296875
2 0.6546875 0.35546875 0.00859375 0.03671875
2 0.7578125 0.434375 0.01015625 0.05
3 0.49453125 0.41171875 0.00859375 0.0453125
2 0.375 0.5015625 0.01015625 0.0515625
2 0.7203125 0.4984375 0.0109375 0.053125
2 0.87421875 0.40390625 0.01328125 0.0484375
2 0.46484375 0.41171875 0.01015625 0.046875
2 0.590625 0.53046875 0.01875 0.05078125
0 0.6390625 0.30390625 0.00546875 0.009375
2 0.6015625 0.2828125 0.0125 0.03515625
2 0.5140625 0.271875 0.00859375 0.03203125
3 0.4109375 0.26328125 0.00859375 0.02890625