2 0.4859375 0.21953125 0.00703125 0.03203125
2 0.39140625 0.33125 0.00625 0.0390625
2 0.696875 0.28125 0.00859375 0.034375
0 0.67109375 0.58515625 0.00703125 0.0109375
2 0.434375 0.26875 0.01015625 0.03359375
1 0.175 0.34375 0.01015625 0.0453125
2 0.378125 0.34453125 0.00859375 0.04140625
2 0.53125 0.36875 0.0078125 0.046875
2 0.84140625 0.43203125 0.01171875 0.0515625
2 0.390625 0.37578125 0.01171875 0.0453125
2 0.46875 0.36875 0.00859375 0.03984375
2 0.52109375 0.35390625 0.009375 0.0484375
2 0.3765625 0.4484375 0.0125 0.04921875
2 0.3296875 0.44453125 0.01015625 0.05078125
2 0.59296875 0.478125 0.015625 0.05859375
2 0.659375 0.40390625 0.0125 0.05
3 0.91875 0.97421875 0.01640625 0.04921875
3 0.4109375 0.446875 0.0109375 0.05
2 0.57265625 0.57578125 0.01640625 0.05546875
2 0.25703125 0.634375 0.015625 0.06640625
2 0.7171875 0.653125 0.01640625 0.07109375
2 0.3375 0.82421875 0.021875 0.07421875
2 0.63828125 0.5015625 0.02421875 0.053125
2 0.365625 0.51640625 0.0109375 0.0546875