2 0.47890625 0.20390625 0.00625 0.0296875
2 0.42265625 0.3703125 0.02109375 0.0484375
2 0.42890625 0.390625 0.021875 0.03984375
2 0.2984375 0.40859375 0.01953125 0.04921875
2 0.43515625 0.36875 0.009375 0.053125
2 0.73125 0.26953125 0.00859375 0.03828125
2 0.41875 0.315625 0.01328125 0.03515625
2 0.39609375 0.27109375 0.015625 0.03359375
2 0.38359375 0.409375 0.021875 0.0421875
2 0.31171875 0.41015625 0.01484375 0.05
2 0.7078125 0.371875 0.01171875 0.0546875
2 0.6921875 0.384375 0.01640625 0.05078125
2 0.55859375 0.459375 0.01015625 0.05859375
2 0.47265625 0.44453125 0.01328125 0.0546875
1 0.10078125 0.3390625 0.015625 0.046875
2 0.28203125 0.784375 0.0265625 0.07109375
3 0.42109375 0.45 0.0171875 0.05546875
2 0.84296875 0.5796875 0.015625 0.07421875
2 0.48984375 0.40390625 0.021875 0.053125
2 0.7546875 0.5171875 0.01484375 0.065625
2 0.2625 0.58046875 0.025 0.06640625
0 0.39453125 0.38203125 0.00625 0.01171875
2 0.29609375 0.36875 0.01328125 0.0484375
3 0.45 0.190625 0.00625 0.02890625