2 0.41953125 0.2375 0.00625 0.03125
2 0.3265625 0.36328125 0.01015625 0.0453125
2 0.63984375 0.28046875 0.00703125 0.03125
2 0.3765625 0.2859375 0.009375 0.034375
3 0.928125 0.9625 0.01953125 0.075
2 0.503125 0.4828125 0.01015625 0.05625
2 0.36796875 0.40078125 0.0125 0.04140625
2 0.509375 0.3375 0.01171875 0.0359375
2 0.32109375 0.3984375 0.01015625 0.05
2 0.33125 0.3921875 0.01171875 0.046875
1 0.103125 0.384375 0.01640625 0.046875
2 0.465625 0.3765625 0.01328125 0.04765625
2 0.4296875 0.41484375 0.01171875 0.04765625
2 0.6734375 0.42578125 0.01015625 0.04296875
3 0.365625 0.46640625 0.00859375 0.0546875
2 0.43125 0.48203125 0.00859375 0.0484375
2 0.7265625 0.45390625 0.0171875 0.05
2 0.2765625 0.45390625 0.01328125 0.05
2 0.27890625 0.634375 0.01640625 0.0609375
2 0.65859375 0.55546875 0.015625 0.06171875
2 0.75625 0.59375 0.015625 0.06796875
2 0.35234375 0.85078125 0.02109375 0.075
0 0.71171875 0.4703125 0.00625 0.01171875
2 0.5 0.45 0.01328125 0.0453125
3 0.409375 0.22890625 0.009375 0.028125