2 0.62890625 0.278125 0.00703125 0.0265625
2 0.90546875 0.46328125 0.01015625 0.046875
2 0.51953125 0.30234375 0.009375 0.03203125
2 0.4 0.49921875 0.0125 0.04921875
1 0.2484375 0.3671875 0.0109375 0.04375
2 0.640625 0.3609375 0.0140625 0.0390625
2 0.87578125 0.3171875 0.00703125 0.02890625
2 0.309375 0.4984375 0.01953125 0.05
2 0.46796875 0.35390625 0.01015625 0.03828125
2 0.27421875 0.54296875 0.01796875 0.0515625
2 0.409375 0.65546875 0.0234375 0.06328125
2 0.42109375 0.37421875 0.01328125 0.040625
2 0.434375 0.5359375 0.01953125 0.05625
2 0.6046875 0.359375 0.01328125 0.040625
2 0.26015625 0.65078125 0.015625 0.06484375
2 0.23828125 0.72578125 0.02109375 0.06328125
2 0.78984375 0.61171875 0.01171875 0.05703125
2 0.35625 0.4828125 0.01953125 0.053125
2 0.72734375 0.51875 0.01171875 0.0515625
3 0.4734375 0.4796875 0.015625 0.05
2 0.43046875 0.6296875 0.02421875 0.05546875
2 0.309375 0.4828125 0.01015625 0.0453125
0 0.40703125 0.675 0.00703125 0.01484375
3 0.5546875 0.24140625 0.00703125 0.0265625