2 0.175 0.3921875 0.009375 0.0453125
2 0.30859375 0.3109375 0.00703125 0.03203125
2 0.21015625 0.41875 0.009375 0.04609375
1 0.83359375 0.36015625 0.015625 0.04296875
2 0.41953125 0.4125 0.01015625 0.04921875
2 0.3953125 0.353125 0.00703125 0.03984375
3 0.36015625 0.40859375 0.01015625 0.0484375
2 0.27578125 0.4890625 0.009375 0.0546875
2 0.234375 0.47578125 0.01640625 0.0546875
2 0.58984375 0.31015625 0.00703125 0.03671875
2 0.08828125 0.46015625 0.01328125 0.0515625
2 0.10546875 0.4765625 0.0125 0.05703125
2 0.24921875 0.4140625 0.009375 0.0453125
2 0.46640625 0.428125 0.01328125 0.04609375
2 0.13125 0.584375 0.0140625 0.06484375
2 0.1671875 0.6546875 0.01484375 0.07578125
2 0.08359375 0.54921875 0.01484375 0.0640625
2 0.43203125 0.49921875 0.01484375 0.05625
2 0.38515625 0.69921875 0.01640625 0.0796875
3 0.0953125 0.3109375 0.01171875 0.03828125
2 0.10625 0.403125 0.01484375 0.05234375
2 0.19140625 0.33515625 0.0140625 0.04296875
2 0.98828125 0.43359375 0.01328125 0.0546875
0 0.95625 0.44765625 0.00546875 0.009375