2 0.4296875 0.2140625 0.0140625 0.0390625
2 0.31796875 0.27890625 0.0125 0.05
2 0.30546875 0.325 0.01015625 0.05703125
2 0.1515625 0.37421875 0.01953125 0.06484375
2 0.72109375 0.278125 0.01640625 0.053125
2 0.22265625 0.4234375 0.0265625 0.06328125
2 0.515625 0.28359375 0.01015625 0.0515625
2 0.190625 0.29921875 0.0171875 0.05625
2 0.49140625 0.35078125 0.01328125 0.06328125
2 0.48125 0.35390625 0.01328125 0.06171875
2 0.27109375 0.32265625 0.01796875 0.053125
2 0.15078125 0.41328125 0.01640625 0.07421875
2 0.2578125 0.396875 0.0140625 0.06796875
2 0.24609375 0.453125 0.02265625 0.06953125
2 0.4484375 0.4609375 0.01484375 0.071875
2 0.89375 0.478125 0.01953125 0.07421875
3 0.32265625 0.37734375 0.01328125 0.06796875
1 0.89609375 0.328125 0.01484375 0.05859375
2 0.5203125 0.72890625 0.01640625 0.1015625
2 0.13671875 0.4359375 0.01796875 0.0734375
2 0.22265625 0.60703125 0.02421875 0.090625
3 0.19375 0.21640625 0.0109375 0.04296875
0 0.7046875 0.3 0.00625 0.0109375
2 0.32578125 0.24140625 0.01171875 0.0453125