2 0.6109375 0.29609375 0.01484375 0.04921875
2 0.65546875 0.2609375 0.0109375 0.04453125
1 0.9625 0.28046875 0.0140625 0.0484375
2 0.73984375 0.2984375 0.01875 0.05
2 0.72421875 0.2703125 0.01015625 0.05
2 0.64921875 0.30546875 0.01328125 0.05078125
2 0.140625 0.375 0.01484375 0.06328125
2 0.5078125 0.24921875 0.02265625 0.04375
2 0.75234375 0.30546875 0.01328125 0.053125
2 0.61171875 0.37890625 0.01484375 0.059375
2 0.7265625 0.44140625 0.021875 0.0703125
2 0.26875 0.2640625 0.01640625 0.04609375
2 0.15703125 0.36875 0.01328125 0.06015625
2 0.41796875 0.321875 0.01640625 0.059375
2 0.6875 0.40703125 0.03046875 0.05546875
2 0.1921875 0.31328125 0.0140625 0.05625
3 0.446875 0.296875 0.01484375 0.0546875
2 0.66796875 0.43125 0.025 0.07109375
2 0.47734375 0.49453125 0.01796875 0.075
2 0.1484375 0.41484375 0.0203125 0.071875
2 0.540625 0.38125 0.0171875 0.0609375
2 0.33359375 0.3140625 0.02109375 0.053125
0 0.65859375 0.27890625 0.00546875 0.009375