2 0.26640625 0.234375 0.01015625 0.04921875
2 0.35546875 0.20859375 0.0125 0.046875
2 0.26875 0.3328125 0.0140625 0.0546875
2 0.1234375 0.371875 0.01484375 0.0546875
2 0.34296875 0.3109375 0.01015625 0.05859375
2 0.12578125 0.42109375 0.015625 0.0734375
2 0.6375 0.25 0.009375 0.0515625
2 0.4046875 0.2875 0.01015625 0.053125
1 0.87265625 0.321875 0.01328125 0.05859375
2 0.48125 0.34921875 0.01328125 0.06484375
2 0.509375 0.278125 0.0109375 0.05390625
2 0.4484375 0.35859375 0.0125 0.059375
2 0.6640625 0.35625 0.01796875 0.06015625
2 0.1671875 0.3171875 0.0171875 0.05625
3 0.27578125 0.37890625 0.01484375 0.07109375
2 0.13828125 0.4625 0.01640625 0.07890625
2 0.46328125 0.4609375 0.01953125 0.07421875
2 0.3140625 0.3890625 0.01796875 0.065625
2 0.8265625 0.46796875 0.0171875 0.075
2 0.17890625 0.490625 0.01953125 0.071875
2 0.15859375 0.59765625 0.02890625 0.09140625
2 0.48984375 0.7515625 0.02734375 0.103125
3 0.1953125 0.20390625 0.0125 0.05
0 0.66171875 0.3671875 0.00625 0.0109375