3 0.2140625 0.2015625 0.00859375 0.04140625
2 0.6125 0.2328125 0.0109375 0.046875
2 0.30625 0.221875 0.01484375 0.03671875
2 0.38515625 0.2625 0.00859375 0.04921875
2 0.36171875 0.29296875 0.01015625 0.05
2 0.175 0.290625 0.01171875 0.05625
2 0.4921875 0.26875 0.009375 0.05078125
2 0.5265625 0.296875 0.01328125 0.05546875
2 0.1625 0.346875 0.0125 0.06171875
2 0.26796875 0.31796875 0.0109375 0.05703125
2 0.5953125 0.28828125 0.01171875 0.05078125
2 0.14375 0.38125 0.0140625 0.06796875
2 0.3421875 0.36171875 0.0140625 0.059375
3 0.26484375 0.37578125 0.01328125 0.06953125
2 0.8125 0.48359375 0.0125 0.078125
2 0.1140625 0.42421875 0.01484375 0.07578125
2 0.559375 0.3640625 0.0140625 0.0640625
1 0.903125 0.31953125 0.0140625 0.05703125
2 0.19609375 0.43671875 0.01171875 0.06875
2 0.4765625 0.4328125 0.01640625 0.06953125
2 0.3921875 0.70625 0.01796875 0.1
2 0.134375 0.54296875 0.0203125 0.08359375
0 0.59296875 0.3078125 0.00546875 0.01171875
2 0.38046875 0.20390625 0.009375 0.04296875