2 0.221875 0.4109375 0.0078125 0.04375
2 0.190625 0.37578125 0.01171875 0.04296875
2 0.8828125 0.453125 0.01640625 0.04921875
2 0.1171875 0.48671875 0.015625 0.05390625
2 0.41171875 0.3515625 0.00859375 0.0390625
2 0.25703125 0.39609375 0.00703125 0.04375
2 0.22890625 0.484375 0.01328125 0.059375
2 0.43046875 0.4234375 0.01015625 0.0515625
2 0.60390625 0.3109375 0.0078125 0.03984375
1 0.796875 0.36328125 0.009375 0.04375
3 0.32578125 0.42265625 0.01328125 0.04921875
2 0.25390625 0.49296875 0.00859375 0.0546875
2 0.41875 0.42734375 0.0078125 0.04921875
2 0.1265625 0.540625 0.01640625 0.06953125
2 0.190625 0.64765625 0.01484375 0.0734375
2 0.45234375 0.66328125 0.0140625 0.075
2 0.1734375 0.565625 0.01171875 0.065625
2 0.403125 0.50859375 0.0171875 0.05703125
2 0.1171875 0.4703125 0.01484375 0.05390625
2 0.12890625 0.39375 0.0140625 0.05078125
2 0.20234375 0.334375 0.0125 0.0453125
3 0.1328125 0.30234375 0.0109375 0.040625
2 0.325 0.3 0.009375 0.0359375
0 0.84453125 0.465625 0.00546875 0.0109375