2 0.35625 0.240625 0.0109375 0.0390625
2 0.1984375 0.28671875 0.0109375 0.04375
2 0.1828125 0.33046875 0.01015625 0.0546875
2 0.24453125 0.36171875 0.01171875 0.053125
2 0.1109375 0.34453125 0.01171875 0.05703125
2 0.23125 0.37109375 0.01171875 0.05859375
2 0.69921875 0.28125 0.01015625 0.05
2 0.1 0.43828125 0.01640625 0.065625
2 0.45234375 0.3171875 0.01171875 0.05078125
1 0.85546875 0.34609375 0.0140625 0.05390625
2 0.42734375 0.403125 0.01640625 0.06328125
2 0.48203125 0.39921875 0.01640625 0.06328125
2 0.2234375 0.46328125 0.01484375 0.06796875
2 0.5640625 0.70234375 0.01953125 0.09140625
2 0.8796875 0.446875 0.0140625 0.065625
3 0.3015625 0.41796875 0.01640625 0.06796875
2 0.4046875 0.50546875 0.01640625 0.0734375
2 0.15078125 0.52421875 0.01640625 0.078125
2 0.08984375 0.52421875 0.01875 0.0796875
2 0.05703125 0.47109375 0.015625 0.075
2 0.24765625 0.47890625 0.02109375 0.06875
2 0.20859375 0.66015625 0.02578125 0.09453125
0 0.7390625 0.35078125 0.00546875 0.0125
3 0.1203125 0.24453125 0.009375 0.04375