3 0.28984375 0.2828125 0.00625 0.0359375
2 0.58359375 0.28828125 0.00859375 0.03359375
2 0.54296875 0.32578125 0.009375 0.04453125
2 0.40234375 0.34453125 0.00703125 0.03671875
2 0.35859375 0.30625 0.00859375 0.03515625
2 0.40625 0.384375 0.009375 0.05
2 0.4953125 0.31171875 0.01015625 0.03515625
2 0.6390625 0.315625 0.01015625 0.03828125
2 0.54765625 0.3453125 0.0125 0.04296875
2 0.27578125 0.35625 0.01015625 0.04609375
3 0.51640625 0.36171875 0.009375 0.04296875
2 0.6453125 0.38203125 0.01015625 0.0484375
2 0.54609375 0.43046875 0.01015625 0.053125
2 0.6765625 0.375 0.01171875 0.05
2 0.70703125 0.496875 0.01015625 0.06875
2 0.3890625 0.45859375 0.01171875 0.0609375
2 0.35859375 0.41796875 0.015625 0.0546875
3 0.93046875 0.759375 0.03828125 0.11015625
2 0.83359375 0.71328125 0.01953125 0.0984375
2 0.75390625 0.55546875 0.01328125 0.07109375
2 0.72890625 0.4375 0.01484375 0.0640625
2 0.18984375 0.415625 0.0109375 0.05546875
2 0.22734375 0.59375 0.01953125 0.08203125
0 0.284375 0.378125 0.0046875 0.0109375