2 0.678125 0.38984375 0.01328125 0.040625
2 0.60234375 0.3671875 0.01484375 0.03203125
2 0.7703125 0.44921875 0.0171875 0.04609375
2 0.73828125 0.4328125 0.01171875 0.0546875
2 0.80390625 0.45078125 0.01328125 0.04296875
2 0.715625 0.4359375 0.01015625 0.0484375
2 0.6375 0.40546875 0.0140625 0.04375
2 0.54296875 0.4140625 0.00859375 0.03984375
2 0.725 0.45390625 0.0109375 0.046875
2 0.53046875 0.4578125 0.0125 0.05078125
2 0.27421875 0.56640625 0.0125 0.06796875
2 0.3453125 0.4265625 0.00859375 0.0484375
2 0.265625 0.565625 0.01015625 0.06796875
2 0.596875 0.4734375 0.0140625 0.0546875
2 0.76875 0.5015625 0.009375 0.05546875
2 0.30390625 0.42890625 0.01484375 0.05
2 0.46015625 0.47421875 0.01796875 0.05625
2 0.41953125 0.559375 0.01328125 0.0703125
0 0.76015625 0.36484375 0.00546875 0.01171875
1 0.81328125 0.36875 0.01640625 0.04296875
2 0.7703125 0.43515625 0.01796875 0.0390625
2 0.72265625 0.41015625 0.01171875 0.04296875
2 0.54375 0.39140625 0.01328125 0.0375
3 0.22109375 0.3171875 0.0078125 0.03359375