2 0.5171875 0.29921875 0.01171875 0.03125
3 0.2859375 0.28828125 0.009375 0.0359375
2 0.41953125 0.3109375 0.009375 0.02890625
2 0.39140625 0.315625 0.015625 0.03359375
3 0.4796875 0.3578125 0.00859375 0.04140625
2 0.57421875 0.3234375 0.009375 0.03828125
2 0.40078125 0.334375 0.01171875 0.03984375
2 0.43671875 0.371875 0.0125 0.04609375
2 0.59296875 0.3234375 0.00859375 0.040625
2 0.30625 0.3515625 0.01015625 0.0453125
2 0.51953125 0.36640625 0.01015625 0.04375
1 0.98125 0.36875 0.01015625 0.05
2 0.18984375 0.36171875 0.01015625 0.046875
2 0.20546875 0.43046875 0.015625 0.05546875
2 0.646875 0.4484375 0.01171875 0.059375
2 0.43203125 0.40546875 0.01171875 0.05078125
2 0.4140625 0.41640625 0.0140625 0.05546875
2 0.68515625 0.425 0.01171875 0.059375
2 0.67109375 0.5078125 0.01796875 0.06171875
2 0.2734375 0.59375 0.01953125 0.0796875
2 0.83046875 0.69375 0.02109375 0.09609375
2 0.39921875 0.31484375 0.0109375 0.034375
0 0.4109375 0.30546875 0.0046875 0.0078125
2 0.490625 0.296875 0.0109375 0.03515625
3 0.8734375 0.76875 0.03046875 0.10859375