2 0.24765625 0.32578125 0.00703125 0.040625
1 0.2375 0.33203125 0.0109375 0.040625
2 0.40859375 0.28515625 0.00859375 0.03515625
2 0.2765625 0.32109375 0.00859375 0.04453125
2 0.28828125 0.30703125 0.0078125 0.0390625
2 0.3765625 0.296875 0.00859375 0.040625
2 0.42734375 0.34296875 0.00859375 0.04296875
3 0.48828125 0.32109375 0.00859375 0.0390625
2 0.26953125 0.35625 0.0125 0.0484375
2 0.43828125 0.37890625 0.01171875 0.05
2 0.8109375 0.3109375 0.0125 0.03671875
2 0.88203125 0.32421875 0.01015625 0.04296875
2 0.91953125 0.35078125 0.01015625 0.0484375
2 0.66484375 0.3328125 0.009375 0.0453125
2 0.49453125 0.44140625 0.01015625 0.04921875
2 0.3296875 0.47109375 0.0125 0.05703125
2 0.56796875 0.37109375 0.0125 0.04609375
3 0.92578125 0.815625 0.02578125 0.11484375
2 0.72421875 0.4078125 0.01875 0.05625
3 0.40390625 0.24296875 0.00859375 0.03125
2 0.42578125 0.2875 0.0109375 0.03515625
2 0.428125 0.32265625 0.0109375 0.03984375