2 0.5296875 0.3109375 0.00859375 0.03359375
2 0.59140625 0.3 0.0078125 0.0296875
2 0.45078125 0.30625 0.01328125 0.03359375
2 0.5125 0.31640625 0.01015625 0.03203125
3 0.5296875 0.35546875 0.01328125 0.040625
2 0.49296875 0.36171875 0.01328125 0.040625
2 0.68359375 0.4375 0.01875 0.0546875
2 0.4765625 0.33046875 0.0140625 0.03359375
2 0.72421875 0.32734375 0.01328125 0.0359375
2 0.34140625 0.3546875 0.01484375 0.0390625
2 0.2875 0.37734375 0.01484375 0.0453125
2 0.5890625 0.35546875 0.01015625 0.03828125
2 0.29453125 0.34296875 0.01484375 0.04453125
1 0.07734375 0.3609375 0.01875 0.0453125
2 0.3 0.47109375 0.02109375 0.05
2 0.38203125 0.40546875 0.01796875 0.04921875
2 0.46328125 0.3796875 0.01484375 0.04453125
2 0.7828125 0.428125 0.0171875 0.05859375
3 0.9828125 0.825 0.03359375 0.1015625
2 0.73828125 0.51640625 0.02421875 0.05078125
2 0.77421875 0.6609375 0.03046875 0.0890625
0 0.43671875 0.31875 0.00546875 0.01171875
3 0.38125 0.2796875 0.0109375 0.0359375
2 0.48984375 0.3046875 0.01640625 0.03515625
2 0.69765625 0.31796875 0.0109375 0.040625