2 0.45390625 0.3265625 0.01171875 0.0390625
2 0.42734375 0.32578125 0.01171875 0.0390625
3 0.47578125 0.35625 0.01171875 0.04296875
2 0.31953125 0.35078125 0.01015625 0.0453125
2 0.1859375 0.4234375 0.01015625 0.0546875
2 0.571875 0.35625 0.00859375 0.04453125
2 0.60234375 0.3546875 0.01015625 0.04609375
2 0.21875 0.3640625 0.00859375 0.046875
1 0.9671875 0.3625 0.01171875 0.05078125
2 0.3765625 0.37890625 0.0109375 0.04921875
2 0.51484375 0.3984375 0.01015625 0.0484375
2 0.34375 0.41953125 0.0109375 0.05390625
2 0.67265625 0.421875 0.0125 0.059375
2 0.36953125 0.4359375 0.01171875 0.059375
2 0.24609375 0.6109375 0.01484375 0.08203125
2 0.64140625 0.46796875 0.015625 0.06484375
2 0.71640625 0.534375 0.015625 0.065625
2 0.80390625 0.7 0.02265625 0.0984375
3 0.89765625 0.74609375 0.03515625 0.1
3 0.25859375 0.28828125 0.00859375 0.03515625
2 0.32734375 0.315625 0.0109375 0.034375
2 0.3515625 0.31484375 0.015625 0.0375
0 0.40078125 0.33671875 0.0046875 0.01015625
2 0.52265625 0.2875 0.0125 0.03671875
2 0.5671875 0.30390625 0.0125 0.0359375