1 0.11328125 0.3734375 0.01171875 0.04921875
2 0.353125 0.30625 0.00703125 0.03046875
2 0.31640625 0.35 0.00859375 0.03671875
3 0.92734375 0.8 0.04140625 0.1078125
2 0.80546875 0.36953125 0.01015625 0.040625
2 0.33515625 0.3515625 0.01015625 0.040625
2 0.78515625 0.3421875 0.01015625 0.03828125
3 0.496875 0.36640625 0.00859375 0.040625
2 0.21796875 0.3859375 0.01015625 0.046875
2 0.503125 0.29765625 0.00859375 0.03203125
2 0.4890625 0.36796875 0.00859375 0.04296875
2 0.53671875 0.315625 0.00859375 0.03359375
2 0.65234375 0.3703125 0.009375 0.04296875
2 0.546875 0.43828125 0.01484375 0.053125
2 0.56484375 0.44296875 0.01171875 0.0484375
2 0.16875 0.4859375 0.01328125 0.05
2 0.26171875 0.415625 0.0140625 0.04453125
2 0.453125 0.3953125 0.01015625 0.04453125
2 0.86796875 0.3984375 0.0125 0.0484375
2 0.77265625 0.45703125 0.0140625 0.06015625
2 0.63046875 0.5828125 0.015625 0.06953125
2 0.4859375 0.64140625 0.02578125 0.084375
3 0.39375 0.27265625 0.0078125 0.03203125
2 0.3203125 0.33359375 0.00859375 0.04296875
0 0.1828125 0.5078125 0.00625 0.01171875