2 0.371875 0.39765625 0.00703125 0.03203125
2 0.5765625 0.40546875 0.01328125 0.034375
2 0.275 0.446875 0.0078125 0.0453125
3 0.40703125 0.44921875 0.0125 0.04140625
2 0.4234375 0.4 0.00859375 0.03125
1 0.74765625 0.3890625 0.00859375 0.03046875
2 0.6015625 0.453125 0.01328125 0.040625
2 0.659375 0.5203125 0.01953125 0.05
2 0.22109375 0.453125 0.0078125 0.04609375
3 0.796875 0.59921875 0.0234375 0.06328125
2 0.5453125 0.4546875 0.0125 0.04296875
2 0.48046875 0.51484375 0.01015625 0.0515625
2 0.646875 0.48828125 0.01328125 0.05078125
2 0.334375 0.50078125 0.01328125 0.05390625
2 0.5046875 0.51796875 0.00859375 0.04609375
2 0.6015625 0.559375 0.01171875 0.05546875
2 0.3546875 0.51171875 0.01484375 0.05078125
2 0.51796875 0.49609375 0.0109375 0.0515625
2 0.3015625 0.63125 0.01484375 0.06875
2 0.1515625 0.58828125 0.01171875 0.0609375
2 0.36640625 0.63203125 0.01640625 0.06953125
2 0.58203125 0.44140625 0.0125 0.0375
2 0.5953125 0.41171875 0.01171875 0.03515625
3 0.2203125 0.3375 0.0078125 0.0296875