2 0.5125 0.37421875 0.00859375 0.03203125
3 0.48828125 0.42109375 0.00859375 0.03671875
2 0.45625 0.38984375 0.00859375 0.0390625
2 0.734375 0.46015625 0.01171875 0.0484375
2 0.72890625 0.43203125 0.01015625 0.04609375
2 0.6609375 0.41875 0.009375 0.04375
2 0.7515625 0.45390625 0.01171875 0.04609375
2 0.2765625 0.4390625 0.01015625 0.04609375
2 0.6453125 0.40703125 0.009375 0.04296875
2 0.5640625 0.41015625 0.01015625 0.040625
2 0.2296875 0.43671875 0.0078125 0.04609375
2 0.37109375 0.48359375 0.0109375 0.053125
2 0.57578125 0.484375 0.0125 0.0484375
2 0.41484375 0.47421875 0.009375 0.05
2 0.56015625 0.48359375 0.0125 0.04921875
2 0.5375 0.475 0.01796875 0.04296875
3 0.94453125 0.56015625 0.021875 0.0578125
2 0.659375 0.52578125 0.01171875 0.0546875
2 0.190625 0.57578125 0.021875 0.06328125
2 0.2671875 0.60703125 0.015625 0.07109375
2 0.39140625 0.5796875 0.01875 0.06484375
1 0.77734375 0.37421875 0.0109375 0.0421875
2 0.7484375 0.4359375 0.0109375 0.04296875
0 0.59609375 0.48671875 0.00703125 0.01328125
3 0.18359375 0.33046875 0.01015625 0.03359375