2 0.6515625 0.29765625 0.00703125 0.0265625
2 0.496875 0.29609375 0.00859375 0.03828125
2 0.4328125 0.38671875 0.01015625 0.04921875
2 0.3765625 0.29765625 0.0078125 0.03203125
3 0.55078125 0.35703125 0.00625 0.04375
2 0.45625 0.35859375 0.0078125 0.0453125
2 0.61015625 0.321875 0.009375 0.04375
2 0.290625 0.3328125 0.00859375 0.0453125
2 0.4421875 0.32890625 0.00703125 0.04375
2 0.57734375 0.38671875 0.009375 0.0453125
2 0.68828125 0.3703125 0.00703125 0.0484375
2 0.72578125 0.36015625 0.0078125 0.05
2 0.74921875 0.40859375 0.01015625 0.05625
2 0.42578125 0.4015625 0.01484375 0.05078125
2 0.225 0.39140625 0.01015625 0.053125
2 0.7328125 0.50390625 0.01484375 0.0703125
2 0.2234375 0.50546875 0.0125 0.06328125
2 0.70390625 0.68515625 0.03046875 0.09296875
3 0.3171875 0.2796875 0.01015625 0.03359375
0 0.32890625 0.33671875 0.0046875 0.0109375
2 0.57890625 0.28046875 0.009375 0.03984375